maxLAT:69.000000, minLAT:7.200000, maxLON:12.000000, minLON:-109.300003
4 4 
3 3 3 3 3 3 3 3 3 3 3 3 3 3 
3 8 8 8 8 8 8 8 
8 8 8 8 8 
8 7 7 12 12 12 12 12 12 12 12 12 12 12 12 12 12 12 13 13 13 13 13 18 
18 
18 18 18 23 23 23 23 
7 7 7 7 
7 7 
7 7 7 7 7 12 12 12 12 12 12 12 12 13 13 13 18 18 18 18 18 
19 19 
4 4 4 4 4 
4 4 4 4 3 3 3 3 
3 3 3 3 3 3 3 3 3 3 3 3 3 3 2 2 2 2 2 2 2 7 7 7 7 7 7 7 7 7 7 7 7 7 12 
12 12 
12 17 17 17 17 18 18 18 18 18 
3 8 
8 8 8 7 7 7 7 7 7 7 7 7 7 7 7 7 7 
7 7 7 
7 7 7 7 7 7 7 7 7 7 7 7 7 7 7 12 12 12 12 
12 12 17 18 18 
4 4 
4 4 4 4 
4 4 4 4 4 4 4 4 4 4 3 3 3 8 8 8 8 8 8 8 8 8 8 13 13 13 14 14 
14 14 14 14 14 
14 14 
14 14 14 14 14 14 14 14 14 15 
15 15 7 7 7 
7 7 7 7 7 7 7 7 7 7 7 7 7 
7 12 12 12 12 13 
7 7 7 7 7 7 12 12 12 12 12 12 12 12 12 12 
4 3 3 
3 3 3 3 
3 3 3 3 3 3 3 3 3 3 2 2 2 2 2 2 2 2 2 2 2 7 
7 
7 7 7 7 7 7 7 7 7 7 7 7 12 
12 12 12 12 12 12 
12 17 17 17 18 
3 3 3 
3 3 3 3 3 3 2 7 7 7 7 7 7 7 7 7 7 7 7 
7 8 8 8 8 
8 8 8 8 
8 8 8 7 7 7 7 7 7 7 7 12 13 13 13 
13 13 13 13 13 13 
13 13 14 14 14 14 14 14 14 14 14 14 6 6 6 
6 6 6 6 7 7 7 7 
6 
6 6 6 6 
6 6 6 11 11 11 7 12 12 12 12 
12 12 12 12 12 12 12 12 12 12 13 13 13 
13 13 13 13 13 13 13 
14 14 14 14 
7 12 
12 12 12 12 12 12 12 12 12 12 12 12 12 12 13 
2 2 2 2 
2 2 2 2 2 
2 7 7 7 7 8 8 8 8 8 8 8 8 8 13 13 13 13 13 
13 13 13 13 
2 2 2 
2 2 2 2 2 2 2 
2 
2 2 2 2 7 7 7 7 7 7 7 7 7 7 7 7 7 7 12 12 
12 
12 12 12 12 12 12 
12 12 17 17 7 7 7 
7 7 7 7 7 7 
7 7 7 7 7 7 7 6 6 6 6 6 6 6 6 6 
11 11 
11 11 11 3 3 3 3 3 
3 3 3 3 3 3 3 8 8 7 7 7 
7 7 7 8 8 8 
8 13 13 13 13 
13 13 13 13 13 13 13 13 13 13 13 13 13 13 13 13 13 13 
13 13 18 18 18 18 
19 19 19 18 
6 6 6 
7 7 
7 7 
7 7 7 
7 7 7 7 7 7 6 6 6 6 6 6 6 6 6 
6 6 
6 11 6 6 6 6 6 6 
6 6 6 
6 6 6 6 
6 6 6 6 6 6 
6 6 6 6 6 6 6 6 6 6 6 6 6 6 6 6 6 6 6 13 
13 13 13 13 13 12 12 12 12 12 12 
12 12 12 12 
12 12 
12 12 
2 2 2 2 2 2 2 2 2 2 2 2 2 2 2 2 2 2 2 2 2 2 2 
2 2 2 2 
2 2 
2 2 2 2 2 2 2 2 2 2 2 2 
2 2 2 
2 2 2 2 2 2 7 7 
7 7 7 7 12 12 12 12 12 12 
12 12 12 12 12 12 12 
12 12 12 12 
12 12 12 12 12 12 12 12 13 13 
13 13 13 13 13 13 13 13 13 13 13 13 19 19 19 19 19 19 20 20 20 20 20 20 20 20 20 20 25 
25 25 25 25 20 20 4 4 4 4 4 8 8 8 
8 8 8 8 8 13 13 13 13 14 14 14 14 
4 4 4 
4 4 4 4 
4 4 3 3 3 3 3 3 3 3 3 8 8 8 8 
8 8 8 8 8 8 
13 13 13 13 3 3 3 3 3 3 3 3 
3 3 3 3 3 2 2 2 2 2 2 2 2 2 2 2 2 2 2 2 2 2 2 2 2 2 2 2 2 2 2 2 2 2 2 
1 1 1 1 1 
1 1 1 1 1 1 1 1 1 1 1 1 1 1 1 
1 4 4 4 4 4 4 4 4 4 
4 4 4 4 4 3 3 3 3 3 3 3 3 3 3 3 8 8 
8 4 
4 4 4 4 3 3 3 3 3 3 3 3 3 3 3 3 3 3 8 8 8 8 8 
8 7 
7 7 7 
7 7 7 7 7 
7 7 7 7 12 
12 12 
13 13 13 13 18 
19 19 2 
2 2 2 2 
7 7 7 7 3 3 3 3 3 3 
3 3 3 3 3 3 3 3 2 2 2 2 2 2 2 
2 2 2 
2 2 2 2 2 2 2 2 7 7 
7 
12 
7 7 7 12 12 12 
12 12 12 12 13 13 13 13 13 13 
18 18 
3 3 3 3 3 3 3 3 
3 3 3 3 3 3 3 
2 2 2 2 2 6 6 6 6 
6 6 6 6 
6 6 6 6 
6 
6 11 11 11 11 11 3 
3 3 3 3 
3 2 2 2 2 2 
2 2 2 2 2 2 2 2 
2 2 2 
2 2 2 2 2 2 
2 2 7 
7 7 7 
7 7 7 
7 7 
7 7 7 7 7 8 8 8 13 13 13 
8 8 
8 8 8 8 8 8 8 8 13 13 14 
14 12 12 7 
7 7 7 7 7 12 12 12 12 12 
12 12 12 12 13 3 3 2 2 2 2 2 2 2 2 2 2 2 2 2 2 2 2 
2 2 2 2 2 7 7 7 7 7 7 7 7 7 7 7 7 7 
7 7 7 7 
12 12 12 12 12 12 17 17 18 23 23 23 
3 3 
3 3 3 3 3 3 3 3 3 3 3 3 3 3 2 2 2 2 2 2 2 2 2 2 2 2 2 
2 2 2 2 2 2 2 2 2 2 2 2 2 2 2 2 2 2 2 2 
1 
8 
8 8 8 8 
8 8 8 
8 8 8 
8 8 8 8 8 8 13 13 13 13 13 13 13 13 13 13 
13 13 13 13 13 13 13 13 13 13 
13 13 13 13 13 13 13 13 13 13 13 13 13 13 13 13 
13 
13 
7 
7 7 7 7 7 7 
7 7 7 7 7 7 12 13 13 
13 13 13 13 
13 13 13 13 14 14 14 14 
7 7 7 7 7 7 12 12 12 12 
12 12 12 13 
7 7 7 7 7 7 7 
7 7 7 7 7 7 7 7 7 7 7 7 7 7 12 12 12 
13 13 13 
7 
7 7 7 7 
7 7 7 7 2 2 
2 2 1 1 
1 
1 1 
1 1 
6 6 6 6 6 6 
6 
6 
6 6 6 6 6 
6 6 6 6 
6 6 11 11 11 11 11 11 11 6 6 6 6 6 6 6 6 6 6 6 7 7 7 7 7 7 6 
6 6 6 6 6 6 
6 6 6 6 6 6 6 6 6 6 6 6 6 6 7 7 7 
7 7 7 7 7 7 8 
8 8 7 7 
7 7 7 7 7 12 12 12 
12 
12 12 12 12 12 12 12 12 12 12 12 
12 12 12 12 13 13 
12 12 12 12 12 12 12 
12 8 8 
8 8 8 8 8 8 8 8 8 
8 8 13 13 13 13 13 13 
13 18 
18 18 
7 7 7 7 
7 7 7 7 
7 7 12 12 12 12 12 12 12 12 13 13 13 13 13 13 
13 
4 4 
3 3 3 3 3 3 3 3 3 
3 3 2 2 2 2 7 7 7 7 7 7 7 7 7 7 7 7 7 12 12 12 
12 12 12 12 12 
17 17 18 18 18 18 23 23 23 23 23 
2 7 7 
7 7 7 6 6 6 6 6 6 6 6 6 11 
11 
11 11 11 11 12 12 12 12 
12 12 12 12 12 13 
4 4 4 
4 4 4 3 3 3 3 3 3 3 3 3 
3 3 3 3 2 2 2 2 
2 2 2 2 2 2 2 2 2 7 7 
7 
7 7 7 7 7 7 7 7 7 7 7 7 7 7 7 12 12 12 12 
12 12 
12 12 12 
3 3 3 3 
3 3 3 3 3 
3 3 3 2 2 7 7 7 7 7 7 7 7 7 7 7 7 12 12 12 12 12 12 13 
18 18 18 
4 4 
4 4 4 4 4 3 
3 3 3 3 3 3 3 3 3 
3 3 3 3 3 3 3 2 
2 2 2 2 2 
2 2 2 1 1 1 1 1 1 1 1 1 1 1 1 1 1 1 
1 4 3 3 3 3 3 8 
8 8 8 8 8 8 8 8 8 8 8 13 13 13 
13 13 13 13 
18 18 
18 
3 
3 3 3 3 
3 3 3 3 
3 3 3 3 3 3 3 3 2 2 2 2 2 2 2 2 
7 7 7 7 7 7 7 7 7 8 8 8 8 8 8 8 8 8 8 8 8 8 13 13 13 13 
13 
18 18 19 19 19 19 19 19 19 20 20 20 
4 
4 4 4 4 4 4 4 4 4 3 3 3 3 3 3 
3 3 8 8 8 8 8 8 8 8 8 8 8 8 8 7 7 7 7 7 7 7 7 7 7 
7 7 7 7 7 12 12 12 12 12 12 12 12 13 13 13 13 13 13 13 13 
13 13 13 13 13 
18 18 
18 19 19 
4 4 4 
3 3 3 3 3 3 3 3 3 3 3 3 
3 2 2 
2 2 2 2 2 2 
2 2 2 2 7 7 7 7 7 7 7 12 
12 
12 12 
4 4 4 4 
4 4 4 3 3 3 3 3 8 8 8 8 
8 8 8 8 7 
7 6 6 6 
6 7 
7 7 
7 7 7 7 7 7 7 7 12 12 12 12 12 12 
13 
2 
2 2 2 
2 2 
2 2 
2 2 2 2 
2 2 2 
2 6 6 6 6 6 
6 
6 
6 6 
6 
6 6 3 3 2 2 
2 2 2 2 2 
2 2 2 2 2 2 2 2 1 1 
1 7 7 7 7 7 
7 7 7 7 7 7 7 7 6 6 6 6 6 6 6 6 6 6 6 6 6 6 6 6 6 6 6 6 6 
7 7 7 7 
7 7 7 7 7 7 7 7 7 7 7 7 7 7 7 6 6 6 6 6 6 6 7 
12 12 12 12 12 
2 2 
2 2 2 
2 2 2 
2 2 2 2 2 2 2 2 2 2 2 
2 2 7 7 7 7 7 6 6 6 6 6 6 
6 6 
11 11 11 11 11 11 11 11 11 11 11 11 7 7 7 
7 7 7 7 7 7 7 
7 7 7 7 6 6 6 6 6 6 6 6 6 6 6 6 6 
6 11 
11 11 11 11 7 7 7 7 7 7 7 7 12 12 12 12 12 12 12 12 
12 12 
12 12 12 12 12 12 12 17 
18 18 
2 2 2 2 2 2 
2 2 2 2 2 
2 2 2 2 2 2 2 2 1 1 1 1 6 6 6 6 6 6 6 6 6 6 7 7 7 7 7 12 12 12 
13 13 18 
6 6 
6 6 6 6 
6 6 6 6 6 6 
6 6 6 6 6 6 6 
6 7 7 
6 6 6 6 6 6 6 6 
6 1 1 
1 1 
12 12 12 13 13 13 
13 13 13 13 13 13 13 13 13 13 13 13 13 13 
13 13 13 13 13 13 14 14 14 14 14 14 14 14 
14 14 13 13 13 13 18 
7 
12 12 12 12 12 12 12 12 12 13 
13 13 13 13 13 13 13 13 13 13 18 18 18 
3 3 3 3 3 3 8 8 8 8 8 8 
8 8 
8 8 8 13 13 13 13 13 13 13 13 1 
6 6 6 
8 7 7 
7 7 7 7 
7 7 7 7 7 7 7 7 7 
7 7 7 7 
7 7 8 7 7 
7 7 7 7 
7 7 7 7 7 7 7 7 7 12 12 12 12 12 12 12 13 18 18 18 
12 12 7 7 7 7 7 7 
7 12 12 12 12 12 12 12 12 12 17 18 
7 7 
7 7 7 7 7 7 12 13 13 13 13 13 13 13 13 13 13 13 13 13 13 13 13 
13 13 13 13 13 19 19 19 14 14 14 
14 14 14 14 14 14 14 14 14 12 12 12 12 
12 12 12 13 13 13 13 
12 
12 12 12 12 12 12 12 12 12 12 12 12 
12 17 18 
7 7 7 7 7 7 7 
7 7 7 7 7 7 7 7 7 7 7 7 12 12 12 12 
12 12 12 12 13 3 3 3 3 
3 3 2 2 2 7 
7 7 7 7 7 7 7 7 7 7 7 7 7 7 7 7 7 7 12 12 12 12 12 
12 
12 12 12 
12 12 12 12 12 12 18 18 
13 13 
3 3 8 8 
8 8 8 8 8 8 8 
8 8 8 8 8 8 13 13 13 13 13 13 13 13 13 13 13 13 13 
13 13 13 13 13 13 
18 19 19 19 19 19 19 24 24 24 24 24 24 
7 7 7 7 7 7 7 7 7 7 7 7 7 7 7 
7 7 7 7 7 7 12 12 12 
12 12 12 12 13 13 
13 13 13 13 13 
13 6 6 
6 6 6 
6 6 6 6 6 6 
6 
2 2 7 7 7 7 
6 6 
6 6 6 6 6 6 6 6 6 
6 6 6 
6 6 6 6 6 
6 6 6 6 6 6 6 6 
6 6 11 
7 7 7 7 7 7 7 7 
7 7 7 7 12 12 12 12 12 12 12 12 12 
12 12 12 12 12 12 12 12 12 12 
7 7 7 7 7 7 7 7 7 7 7 7 7 7 7 7 7 7 
7 7 7 7 
7 7 7 8 8 8 8 13 13 13 13 13 13 13 13 13 13 13 13 13 13 13 13 13 13 13 13 13 13 8 8 8 8 8 8 8 8 8 8 8 8 8 8 8 8 8 7 7 7 7 7 7 7 7 7 7 7 7 7 7 7 7 7 7 7 7 7 7 7 7 7 7 7 12 12 12 12 12 
12 12 12 
12 12 12 12 12 12 12 12 12 12 12 12 12 12 
18 18 18 13 13 13 14 14 14 14 14 14 14 14 14 14 14 14 14 14 14 14 14 14 
14 14 14 14 14 14 14 19 19 19 
19 20 
12 12 12 12 7 7 7 7 7 7 7 7 7 
7 7 7 7 7 7 7 
7 7 7 7 7 7 12 12 6 6 6 6 6 6 6 6 
6 6 6 6 6 6 6 6 
6 6 6 6 6 6 
6 
7 12 12 12 12 12 
12 12 12 12 12 
7 7 7 7 7 7 7 12 12 12 12 12 
12 12 7 7 8 8 8 8 13 13 13 13 13 13 13 13 13 13 14 14 19 19 19 19 24 24 
6 6 6 6 
6 6 6 6 
7 12 12 12 12 12 12 12 12 12 7 
7 12 12 12 
12 13 
13 
2 
2 2 2 2 2 2 2 2 2 2 2 7 
7 7 7 7 8 8 8 8 
4 4 4 4 4 4 4 4 4 
4 4 
4 4 3 3 3 3 3 3 3 
3 3 3 3 3 
7 7 7 7 
7 7 7 7 7 7 12 12 12 
12 12 13 18 18 18 18 18 19 19 19 19 
2 2 1 1 7 7 
7 7 7 7 7 2 2 2 2 2 1 1 1 1 2 2 2 
6 
6 6 6 
6 7 7 7 7 7 7 7 12 12 12 
12 12 
12 12 12 
13 13 13 
13 13 13 13 13 13 14 14 
14 14 3 3 
3 3 3 3 3 3 3 3 3 
3 8 8 7 7 7 7 7 7 7 7 7 7 7 7 7 7 7 7 7 7 7 12 12 12 
12 12 12 
12 12 17 17 17 18 18 18 
3 
3 3 3 3 3 
3 3 3 3 3 3 
3 3 3 3 8 8 8 8 8 8 8 8 
7 7 7 3 3 3 3 3 3 3 3 3 
3 3 3 2 2 2 2 2 2 2 2 
2 6 6 6 
6 6 6 
6 6 6 6 6 6 6 11 11 11 11 
11 11 
4 4 4 4 
4 4 4 4 4 4 4 
4 4 4 
4 4 4 4 4 9 
9 9 
9 9 9 9 
9 9 9 9 9 9 9 9 9 9 3 3 
3 3 3 2 2 2 2 2 
2 2 2 8 8 8 
8 8 8 8 8 8 
8 8 8 8 8 8 8 8 8 8 8 8 8 8 8 8 8 13 13 13 13 13 13 13 13 13 13 14 14 14 14 14 
14 15 20 20 20 24 19 19 19 19 19 19 
20 20 20 6 6 6 6 6 6 
6 6 6 6 6 6 
6 11 11 13 13 
13 13 13 13 13 
18 18 19 
1 1 
7 7 7 7 7 
7 
7 6 6 6 6 6 6 
6 
6 
2 2 2 
2 2 2 2 2 2 
2 2 2 2 2 7 7 7 7 7 7 7 7 6 6 6 
6 
11 11 11 11 11 11 11 11 11 11 11 11 11 11 11 11 11 11 11 11 11 11 11 12 12 12 12 17 
1 1 1 1 1 1 
1 1 
7 7 7 7 7 
7 6 7 7 7 
7 7 12 12 
13 13 13 13 13 
18 18 
4 3 
3 3 3 3 3 8 
8 8 8 8 8 8 8 8 8 13 13 13 13 13 18 
7 
7 7 7 7 
7 12 13 
7 7 7 
7 7 7 7 12 
12 
12 
12 12 12 12 
12 12 12 12 12 12 
13 18 18 18 18 19 
12 12 
12 12 12 13 13 13 18 18 18 
13 13 13 
13 13 13 13 13 13 13 13 13 13 13 13 13 13 13 13 13 13 13 13 13 13 13 
14 14 
14 14 14 14 
6 6 
6 6 6 6 6 6 
6 6 
6 
6 6 6 6 11 11 11 11 12 12 12 12 
12 7 7 7 7 7 7 7 7 7 7 7 
7 
13 13 13 13 13 13 13 13 8 8 8 8 
9 9 9 9 
12 12 12 12 12 7 7 7 7 7 7 
7 7 7 7 7 
7 7 7 7 7 7 7 7 7 7 7 7 7 7 3 3 3 3 
3 3 3 3 3 3 3 3 2 2 2 2 2 2 2 2 2 2 2 2 2 2 2 2 2 2 2 2 2 7 7 7 7 7 7 7 7 7 7 7 7 7 7 7 7 7 6 6 6 6 6 6 6 6 6 
6 6 6 6 6 6 6 6 6 6 6 6 
6 6 6 6 6 6 6 6 11 
11 11 11 11 11 11 12 12 
12 12 12 12 12 
12 12 12 6 6 6 6 6 6 6 
6 6 6 
6 6 
6 6 6 
6 6 6 6 6 6 6 6 6 6 6 6 6 6 6 6 6 6 6 6 
6 6 6 
6 6 12 12 12 12 12 12 12 12 12 12 12 12 12 12 12 12 12 12 12 12 
12 12 
12 12 12 12 7 
7 7 7 7 7 7 7 7 7 
7 12 12 12 12 12 12 
17 17 17 17 
17 4 
4 4 4 4 4 4 4 4 4 4 4 3 3 3 3 3 3 3 3 8 
8 8 8 8 8 8 8 8 8 8 3 3 3 7 7 4 3 3 3 3 3 3 3 3 
3 3 3 3 3 3 3 3 7 7 7 7 7 7 7 7 
6 6 6 6 6 6 
6 6 6 6 
6 7 7 7 
7 7 
7 12 12 12 12 12 12 12 12 12 12 8 8 8 8 8 
8 8 8 8 8 8 8 8 
8 8 8 8 8 8 8 8 8 8 8 8 8 8 8 8 8 9 9 9 9 9 9 
9 9 9 10 15 
7 7 7 
7 
7 7 
7 7 
7 7 7 
7 7 7 7 7 7 7 7 7 7 
7 12 12 12 
13 13 13 
3 3 3 3 3 3 3 2 2 2 
2 7 
7 7 7 7 7 7 7 7 7 7 7 7 7 7 7 7 7 7 7 7 7 7 7 7 7 7 7 7 7 7 7 7 7 7 7 7 7 7 7 7 7 6 6 6 6 6 6 
11 11 
11 11 11 11 11 11 12 6 6 6 6 6 6 
6 6 6 7 7 7 12 12 12 12 12 
7 7 7 7 
7 7 7 7 7 12 
12 12 12 12 12 12 12 12 12 13 13 18 18 
18 
4 3 3 
3 3 3 3 3 3 3 3 3 3 8 8 8 7 7 7 7 7 7 
7 7 7 7 7 7 7 7 7 7 7 7 6 6 6 6 6 6 
6 6 
11 11 11 11 9 
9 8 8 8 8 8 8 8 8 8 8 8 8 8 8 8 8 8 8 8 8 8 8 8 8 8 8 8 
8 8 8 8 8 8 2 2 2 
2 7 7 
7 7 
7 
7 2 2 2 2 2 1 1 6 6 
6 
6 6 6 6 6 6 6 6 
6 
3 3 3 3 
3 
8 8 8 7 7 7 7 7 7 7 7 13 13 13 13 13 13 13 13 13 13 13 
13 13 13 
13 13 14 4 4 4 4 4 4 4 
4 4 4 4 4 
4 4 4 
4 4 4 4 3 3 3 3 3 3 3 3 8 
8 8 8 8 8 8 8 8 8 8 8 8 8 13 13 13 13 13 13 13 13 
13 13 13 13 
13 13 13 13 13 13 14 14 14 
8 
8 8 8 
8 8 8 8 8 8 8 8 8 8 8 8 8 8 8 8 8 8 8 8 8 8 8 8 13 13 13 13 13 
13 18 18 18 
2 2 2 2 2 2 2 2 2 2 2 
2 2 7 7 7 7 7 
7 7 
7 7 
7 6 6 6 6 6 6 
6 6 
6 6 
6 6 
6 6 6 1 1 1 6 6 6 6 6 6 6 6 6 6 6 6 6 6 7 7 
7 7 7 7 7 7 7 
7 7 7 7 12 12 12 12 13 
18 18 18 
8 8 8 
8 8 8 8 8 8 8 8 8 8 
8 8 13 13 8 13 13 13 13 8 8 
8 8 7 7 7 
7 7 7 7 7 7 
7 7 7 7 7 7 7 7 
7 7 7 
6 6 6 6 6 6 6 6 6 6 6 6 6 6 6 6 6 6 6 7 7 7 7 7 7 
7 7 7 13 
13 13 13 13 13 13 13 13 18 19 19 
3 
3 3 3 3 3 3 3 3 
8 7 7 7 7 7 7 7 7 7 7 7 7 2 2 2 2 2 2 2 
2 2 2 2 2 2 2 2 2 2 2 
1 1 1 1 1 
1 
1 1 1 7 7 
7 7 7 7 7 7 
7 12 12 12 12 12 12 12 12 12 12 17 
1 6 
6 6 6 6 
6 6 3 3 3 3 3 3 
3 3 3 3 3 3 
2 2 12 12 12 12 7 7 7 7 7 7 7 7 7 7 
7 7 7 7 
7 7 7 
7 12 12 
12 12 12 12 12 12 12 12 12 12 13 
18 
6 6 6 6 
6 6 6 
6 6 6 6 6 6 6 
6 6 6 
6 6 6 6 11 11 11 11 11 11 11 12 12 12 12 12 
12 12 12 12 12 12 
12 12 12 13 13 
3 3 3 3 3 3 3 3 3 3 7 7 7 7 7 7 7 7 7 7 
12 12 12 12 12 12 12 12 12 12 12 12 13 13 13 13 13 
6 6 6 6 6 6 6 6 
6 6 6 6 
6 3 3 
3 3 3 3 
3 3 3 3 2 2 2 2 2 
7 7 7 7 
3 3 3 3 
3 3 3 3 3 3 3 3 
3 2 2 2 2 2 2 2 2 2 2 2 2 2 2 2 1 6 6 6 6 6 6 6 6 6 6 6 
6 
6 
3 3 3 
3 2 2 2 2 2 2 2 2 2 2 
2 
2 6 6 6 6 6 6 6 6 6 6 6 6 6 6 6 6 6 
6 6 6 
6 6 6 6 
6 6 9 
9 9 9 9 9 9 9 9 9 
8 8 8 8 8 
8 8 8 8 8 8 8 8 8 
13 13 13 13 13 14 
14 
14 19 19 
7 7 
7 7 7 7 7 12 12 12 12 12 12 12 
12 12 12 12 12 12 12 13 13 13 13 13 13 13 13 13 
13 13 13 13 13 13 13 13 13 13 13 13 13 13 13 
13 7 
7 7 7 7 7 7 7 7 7 7 7 7 7 7 7 7 7 7 7 12 12 12 12 12 12 12 12 12 12 12 12 13 
13 18 18 18 
2 2 2 2 2 2 2 2 2 
2 2 2 2 2 2 
2 2 2 2 2 2 7 7 7 7 7 7 7 7 
7 7 7 
1 1 1 
1 6 6 
6 
6 6 6 6 
1 1 
1 
1 1 1 1 1 6 6 
7 7 7 
7 7 7 
7 7 7 7 7 7 7 7 7 7 7 7 7 12 
12 12 12 12 12 12 12 12 12 12 12 12 12 12 12 12 12 12 12 12 12 12 12 12 7 7 7 12 12 12 
12 12 12 12 12 12 12 
2 2 7 7 7 7 6 6 
6 6 6 6 
6 6 6 6 
6 11 
11 11 11 11 11 12 12 12 12 12 12 12 12 12 12 12 12 3 3 3 3 
3 3 3 3 3 3 3 3 3 
3 2 2 2 2 2 2 2 
2 7 7 7 7 7 7 7 7 7 7 7 7 7 7 7 7 7 7 
7 7 7 7 7 7 7 
7 7 7 7 12 12 12 12 12 12 12 12 12 
13 18 18 18 18 23 23 23 23 
7 7 7 12 12 12 12 12 12 12 12 12 12 12 12 12 12 12 12 
3 3 
3 3 3 8 8 8 8 8 8 8 2 2 
2 2 2 2 3 
3 3 
3 3 3 3 3 2 2 2 2 2 2 2 2 2 2 2 2 7 7 7 7 7 7 7 7 7 
7 7 7 7 7 7 12 
12 12 12 12 12 12 12 12 12 12 
12 12 12 12 12 
12 12 12 12 12 12 13 13 18 18 18 18 
3 3 3 
3 3 3 3 3 3 3 3 3 3 
3 3 3 3 3 2 2 7 7 7 7 7 7 7 7 7 7 7 7 7 
7 7 7 7 7 
7 7 7 7 7 7 7 7 7 7 7 7 7 7 7 7 7 7 7 7 7 7 8 8 13 13 13 13 13 13 13 13 13 13 13 13 13 13 13 13 8 8 
8 8 8 8 8 8 8 8 8 8 8 
8 8 8 8 8 7 7 4 4 4 4 4 
3 3 3 3 3 3 3 
3 3 3 3 3 2 2 2 2 2 2 2 2 2 2 2 2 2 2 1 1 1 1 6 6 6 6 
4 4 4 4 8 
8 8 8 8 8 8 8 8 8 8 8 8 8 8 8 8 
8 8 8 8 8 8 8 
8 8 8 
8 7 7 7 12 12 12 12 12 13 13 13 13 13 
4 4 3 3 3 3 3 3 
3 3 3 3 
3 3 3 3 3 3 3 3 3 3 8 8 8 8 7 7 7 7 7 7 7 7 7 7 7 7 12 12 12 12 13 18 
18 
7 7 7 7 
7 7 7 7 7 7 7 
7 
7 7 
7 
7 7 
7 7 7 7 7 7 
7 7 7 7 7 7 12 12 
12 12 12 12 12 12 12 12 
12 12 12 12 12 12 12 12 
12 17 18 18 18 18 18 18 18 19 19 19 19 19 24 25 25 25 25 
25 4 4 4 
4 4 4 4 4 4 4 4 
4 4 4 4 4 4 3 3 3 3 3 3 3 2 2 2 2 
2 2 2 
2 7 
7 7 7 7 7 7 7 7 7 7 7 7 7 7 6 6 6 6 6 6 
6 6 6 6 6 6 
11 
12 12 12 7 7 7 7 
7 7 12 12 12 
12 12 12 12 12 3 3 
3 3 3 3 3 3 
3 3 3 2 2 2 2 
2 2 2 7 7 7 7 7 7 7 7 7 
7 13 
13 13 
6 
6 6 6 
6 6 6 6 6 6 
6 6 6 6 6 6 
6 6 6 6 6 6 6 6 6 6 6 6 6 6 6 11 3 3 3 3 
3 2 2 2 2 
2 2 2 2 2 2 2 2 2 2 2 2 7 6 6 6 6 6 6 6 6 6 6 6 6 
6 6 
6 6 6 6 6 11 11 11 11 6 6 6 
6 6 6 
6 6 6 
6 
11 11 11 11 11 11 12 12 12 12 12 12 12 12 12 12 12 12 6 6 
6 6 6 6 6 
6 12 12 12 13 13 
13 13 13 13 13 18 18 18 
3 3 
3 3 3 3 
3 3 3 3 3 3 3 2 2 2 7 7 7 7 7 7 7 7 7 7 8 8 8 13 13 13 13 13 13 
13 13 13 13 13 13 13 13 13 13 13 14 14 14 14 14 
14 14 19 19 19 19 19 19 19 19 19 19 19 
19 19 6 6 6 6 
6 6 6 6 6 6 6 6 6 
6 6 6 6 6 6 11 6 6 6 6 
6 6 6 
6 6 6 6 13 13 
13 
13 13 
13 13 
18 
7 6 6 
6 6 6 6 6 6 6 6 7 7 7 7 7 
12 
12 12 12 12 12 12 12 18 18 18 18 18 19 19 
19 19 20 20 20 8 8 
13 13 13 13 13 13 13 
13 13 13 13 
13 13 13 13 
13 13 13 14 14 14 14 13 13 13 13 13 13 13 13 13 13 13 13 13 13 13 13 13 13 8 4 4 4 
4 4 4 4 4 4 4 3 3 3 3 3 3 3 3 3 
3 3 8 8 8 8 3 3 3 3 3 
3 3 2 2 2 2 2 2 2 2 2 2 
2 7 7 7 6 6 
6 6 6 6 6 6 
6 12 12 12 
12 12 12 12 12 12 12 13 
12 12 12 12 12 
12 12 12 12 12 12 13 18 
18 
6 
6 6 6 6 
6 4 
4 4 4 4 
4 4 4 4 
4 4 4 3 3 3 
3 3 3 3 3 3 3 3 3 3 3 3 3 3 3 8 8 8 8 8 8 8 8 8 7 7 7 7 7 7 7 7 7 12 12 12 13 13 18 
18 18 18 18 23 
4 4 
4 4 4 4 4 4 4 
4 4 4 4 4 4 9 9 8 8 8 8 8 8 
8 8 8 8 8 13 13 13 13 13 13 13 13 13 13 
13 13 13 13 13 13 13 13 13 8 8 8 3 3 3 
3 3 3 3 3 3 
4 4 
3 3 3 
3 3 3 3 3 8 8 8 8 8 7 7 7 7 7 7 7 7 7 7 7 7 7 7 7 7 7 7 12 12 12 12 12 12 13 13 13 18 
18 18 18 18 19 19 19 19 19 19 19 19 19 19 19 19 
19 4 4 3 3 
3 
3 3 3 3 3 
3 3 3 3 2 2 
2 2 3 3 3 3 3 2 
2 2 2 2 2 2 
2 2 2 2 2 2 2 2 2 2 2 2 1 1 1 1 2 7 
7 7 7 7 7 7 7 
7 
3 8 8 8 8 8 8 8 8 7 7 7 8 13 
13 13 13 13 13 13 13 13 
18 18 18 
8 8 
8 8 8 13 13 13 13 13 13 13 8 8 8 8 8 8 8 8 
8 8 8 8 8 8 8 8 7 7 7 
7 7 7 7 7 7 7 7 7 
7 7 7 
7 7 7 7 7 7 7 7 7 7 7 7 7 7 7 
7 12 12 12 12 
12 12 12 12 12 12 12 12 7 
7 7 7 7 7 7 7 7 7 7 
7 7 12 
12 
12 
7 7 12 
12 12 
12 
12 18 
3 3 3 3 3 3 3 3 3 3 
6 6 6 6 6 6 
6 2 2 2 2 
2 1 1 
1 1 1 1 1 1 1 1 1 1 
1 1 
1 1 1 1 
6 6 6 
6 6 6 
6 
6 2 2 2 2 2 
2 2 2 2 
7 7 7 7 
7 7 7 7 7 7 13 13 13 13 13 13 13 13 13 13 13 8 8 8 8 8 8 8 8 
8 8 7 7 7 7 7 7 12 12 
12 12 12 12 12 12 
17 18 
4 4 4 4 4 4 4 4 4 4 4 4 
4 4 4 4 3 3 3 3 3 3 3 3 3 3 3 3 3 3 3 3 3 3 3 3 3 
2 2 2 2 2 2 2 2 
2 2 
2 2 1 1 1 1 1 6 6 
2 2 6 6 6 6 6 6 6 6 
6 6 6 6 6 
6 6 6 
6 6 6 6 6 6 6 6 
12 12 12 12 12 12 12 12 12 12 12 12 12 12 12 12 12 12 
4 4 4 4 4 4 4 9 9 
9 9 9 9 9 9 9 9 14 
4 4 
4 4 4 4 4 3 3 
3 3 
3 3 3 3 3 2 2 
7 7 7 7 
7 7 12 12 12 12 12 
4 4 3 3 3 
3 3 3 3 3 3 8 8 8 8 8 8 8 8 8 
8 8 8 13 13 3 3 
3 2 2 2 
9 9 9 
9 14 14 14 
14 14 14 14 14 14 14 14 14 14 14 14 14 14 
14 14 14 
14 14 14 19 19 
7 7 
7 12 12 
12 12 18 18 
7 7 7 7 7 
7 7 7 7 
7 7 12 12 
12 12 12 
12 12 12 12 12 12 12 12 12 12 12 12 12 12 12 12 12 12 
12 12 12 12 
12 12 12 12 7 7 7 7 7 7 7 7 7 7 7 7 12 12 
12 12 12 12 12 13 13 
18 18 18 18 18 18 18 23 23 18 
14 14 14 14 14 14 
14 
14 14 14 14 
15 15 3 3 3 3 3 3 3 3 3 3 3 3 3 3 3 
3 3 3 2 2 2 2 2 
2 2 2 2 2 2 2 2 7 7 7 7 7 7 7 7 7 7 7 12 12 12 12 17 17 
18 
18 18 
4 4 4 4 4 4 4 4 4 4 4 4 4 
4 4 4 9 9 9 8 
8 8 8 8 8 8 8 8 8 8 8 8 8 8 8 8 8 8 8 8 8 
8 8 8 8 8 8 8 8 8 8 8 8 8 8 
8 8 13 13 13 13 
6 6 6 6 6 6 6 
6 6 
6 6 
6 4 4 4 4 
4 4 4 4 4 4 9 9 8 8 8 8 8 8 
8 8 8 8 8 8 8 8 13 13 13 13 13 13 13 
18 18 19 
6 
6 6 6 6 6 6 6 
6 6 11 2 2 2 2 2 2 2 2 
2 2 2 2 7 7 7 7 7 7 7 7 7 7 7 7 7 6 6 1 1 1 1 1 1 1 1 1 1 1 8 8 8 8 8 8 8 8 8 8 8 8 13 13 
13 13 13 13 13 13 13 13 13 13 13 14 14 14 14 14 9 9 9 8 
8 8 8 
8 8 8 8 8 14 14 
14 14 14 
14 
7 7 7 
7 7 7 7 
7 7 7 7 12 12 12 12 12 
12 17 17 
17 18 18 18 
18 18 
18 19 19 19 19 19 
14 14 14 14 14 14 14 14 14 14 14 14 14 14 14 14 15 15 15 15 15 7 7 7 
7 7 7 7 7 
12 12 12 6 6 6 6 
6 6 
6 11 11 11 11 11 11 12 8 8 
8 8 8 8 8 8 8 8 
8 8 8 13 13 13 13 13 13 13 13 13 
14 14 
14 14 19 19 
8 8 7 
7 7 7 7 7 7 
7 7 7 7 7 7 
7 7 7 7 
7 8 8 8 8 
8 
7 7 7 7 7 
7 12 12 12 12 12 
12 12 12 12 
12 13 13 13 13 13 
7 7 7 7 7 7 
7 7 7 7 7 7 7 7 
7 7 
12 12 
12 4 4 
4 4 
3 3 3 3 3 3 3 3 3 3 3 3 3 3 3 3 3 3 3 3 3 2 2 2 2 6 6 6 
6 6 6 
6 6 6 
6 6 
6 11 11 2 2 2 2 
2 7 7 7 7 7 7 
7 7 7 7 7 7 7 7 7 7 12 12 12 12 12 12 
18 18 
4 4 4 4 4 4 4 4 
4 4 3 3 3 3 3 3 3 3 3 3 3 3 3 3 3 3 
7 7 7 7 
7 
7 7 7 12 12 
12 12 12 
12 13 13 13 13 18 
4 
4 4 4 4 4 4 4 4 4 4 4 4 4 4 4 
4 4 3 3 3 3 3 3 3 3 3 3 3 3 3 3 3 3 3 3 2 7 7 7 
7 7 7 7 7 7 7 7 7 7 7 7 7 7 7 7 7 12 12 12 12 12 12 13 13 13 13 
18 18 18 18 19 
4 4 
4 4 4 4 
4 4 4 4 4 4 3 3 8 8 8 8 8 8 
8 8 8 8 8 8 8 8 8 
8 8 8 8 8 8 8 8 8 8 8 13 13 13 13 13 3 3 
3 8 8 8 8 
4 4 4 3 3 3 3 
3 3 3 3 3 3 3 3 3 3 8 8 8 8 8 8 8 8 8 8 8 
8 12 7 7 7 7 7 7 7 7 
7 7 7 7 7 7 7 7 12 12 
12 12 2 2 2 2 2 2 2 2 2 
2 2 2 2 2 2 2 2 2 2 2 7 7 7 7 7 7 7 7 7 7 7 7 7 7 7 7 7 
7 12 12 12 
12 12 7 7 7 7 
7 7 7 7 7 7 12 7 7 7 
7 7 7 7 7 7 7 7 
7 7 7 
7 7 7 
7 6 6 6 6 6 6 6 7 7 7 7 7 7 6 6 6 
6 6 
11 11 11 11 11 11 6 6 
6 6 6 6 6 6 
6 6 6 2 2 2 2 2 2 
2 2 2 2 2 2 2 2 2 
2 2 1 1 1 1 1 1 1 1 
1 
4 4 4 3 3 3 
3 3 
3 
3 3 3 
2 2 2 2 
2 2 1 1 6 6 6 6 6 
6 6 6 
6 6 
6 6 6 6 3 8 
7 7 7 7 7 7 
7 7 7 7 7 7 7 7 7 7 7 7 7 7 7 7 7 7 7 
7 7 
12 12 12 12 
18 
18 13 13 13 
13 13 13 13 14 
4 4 
4 4 4 4 4 4 4 
4 4 4 3 3 3 3 3 3 3 3 3 
8 8 8 8 
8 8 8 8 8 8 13 13 13 13 13 13 13 13 13 13 13 
13 13 13 13 13 13 13 13 13 13 13 13 13 13 13 13 13 13 
13 13 13 13 13 13 13 13 13 13 13 13 13 13 13 13 18 18 
18 
19 24 24 24 24 
24 29 9 9 8 8 8 8 8 8 8 8 
8 8 8 13 13 
3 3 3 
3 3 3 3 3 3 3 3 3 
3 3 3 3 3 3 2 2 2 2 2 2 7 7 7 7 7 7 7 7 6 6 6 
6 6 6 6 6 6 
6 6 6 
6 6 6 6 6 
6 6 
6 6 6 6 6 6 6 6 6 6 6 
7 
7 7 7 7 12 12 12 12 
13 13 18 18 
18 19 19 19 19 19 20 20 20 
7 7 7 7 7 
7 7 7 
7 7 12 12 12 12 12 12 12 12 
12 18 18 
7 7 12 12 12 12 12 12 12 
12 12 7 7 7 7 7 7 
7 7 7 7 7 6 2 
2 2 2 2 2 2 7 7 7 7 7 7 7 7 7 7 7 7 7 7 7 7 7 7 7 7 7 7 7 7 7 6 6 
6 6 6 6 6 6 11 11 11 11 11 11 11 11 12 12 12 3 3 3 
3 3 3 3 3 3 
3 3 3 3 3 3 3 3 8 8 8 8 8 8 8 8 8 8 8 8 8 13 13 13 13 13 13 13 13 
13 18 
2 2 
2 2 7 7 7 7 6 6 6 6 6 
6 11 11 11 11 11 12 12 12 7 7 7 7 7 7 7 7 7 
7 7 7 7 7 7 7 12 12 12 12 12 12 12 12 12 7 7 7 12 7 7 
12 12 12 12 12 12 12 12 12 13 13 13 18 18 
19 
19 
2 2 2 2 2 
2 2 
2 2 2 2 
2 2 2 2 2 2 2 1 
1 1 1 1 1 2 2 
1 1 1 1 2 2 7 7 7 7 7 
7 7 7 7 7 7 7 
7 7 7 7 7 7 7 7 12 12 12 12 12 12 12 12 12 12 12 12 12 12 12 12 12 13 13 13 
13 13 13 13 13 13 
13 13 13 13 13 13 
13 13 13 3 
3 3 3 3 3 3 3 3 3 3 3 3 3 8 8 8 
6 6 6 6 6 6 
6 6 6 6 
6 6 6 4 4 4 4 4 4 
4 4 4 4 4 3 3 3 3 3 3 3 3 3 3 3 
3 3 3 2 2 2 7 7 7 7 7 7 7 7 7 7 7 7 12 12 12 12 
12 12 
12 17 
18 18 18 18 
3 3 3 3 3 3 3 3 3 3 3 8 7 7 7 7 7 7 7 7 7 7 7 12 
12 12 12 12 
13 13 18 
6 
6 6 
6 6 6 6 6 6 6 6 6 6 6 6 6 6 6 6 3 3 3 3 
3 2 2 2 2 7 7 7 7 7 7 
7 7 7 7 7 7 12 12 12 
12 13 13 13 13 13 13 
13 14 14 14 
7 7 7 7 7 7 7 7 7 7 
8 8 
13 13 13 13 13 13 13 13 13 13 13 13 13 13 13 13 13 13 13 13 13 
13 13 13 13 13 13 18 18 19 
19 19 
4 4 4 4 3 3 
3 3 3 3 
3 3 3 3 3 2 2 2 2 2 2 2 2 2 2 7 7 7 7 6 6 6 6 6 6 6 6 6 6 6 6 6 
6 6 
6 4 4 4 4 
4 4 4 3 
3 3 3 3 3 3 3 3 3 3 3 3 3 3 3 3 8 8 8 8 8 8 8 8 8 8 8 7 7 7 7 7 7 12 12 13 13 13 
13 18 
2 2 
2 2 2 1 1 1 1 
1 1 1 
1 
1 3 3 3 3 3 3 3 8 
8 8 8 8 8 8 8 8 
8 9 
9 9 14 13 13 13 
8 8 8 8 8 8 8 8 8 8 8 8 8 8 8 8 8 13 13 13 13 13 
13 13 18 
18 18 23 24 24 24 24 24 
12 
12 12 12 12 12 12 12 12 12 12 12 12 12 12 12 
3 
3 3 3 3 3 3 3 3 3 8 8 7 7 7 7 7 7 7 7 7 7 7 7 7 
7 7 7 7 7 7 7 7 7 7 
7 7 7 7 7 7 7 7 7 7 7 7 7 7 7 7 12 12 12 12 12 12 12 13 13 13 13 13 13 18 
14 14 14 
14 14 14 14 14 
14 14 14 14 14 14 14 14 14 14 14 14 14 14 14 14 
14 14 14 14 14 14 14 
14 14 14 14 14 14 14 14 14 14 14 14 4 
3 3 3 3 3 8 8 8 8 8 8 
8 8 8 8 8 8 7 7 7 7 7 7 7 7 7 7 7 7 7 7 7 7 7 12 12 12 12 13 13 13 13 13 18 18 
18 19 
7 7 7 7 12 
12 12 12 12 
12 12 7 7 7 7 7 7 8 8 8 8 8 8 8 13 
13 8 8 8 8 
8 8 8 
13 14 14 14 14 
6 6 
6 6 6 6 6 6 6 6 6 6 
4 4 4 4 4 4 
4 4 4 4 4 4 
3 3 3 8 8 8 8 
8 8 8 8 
8 8 8 8 8 8 8 8 13 13 13 13 13 13 13 13 13 13 13 13 13 13 13 13 13 13 
13 13 18 18 18 
7 7 
12 
12 12 12 18 
18 18 
3 
3 3 3 2 2 2 7 7 7 7 
7 7 7 7 7 7 7 7 7 7 7 6 6 6 6 6 
6 6 6 6 6 6 6 6 6 6 6 6 6 6 6 
6 6 1 1 1 1 1 1 1 6 6 6 6 6 6 6 7 7 7 7 7 7 
12 12 12 12 12 12 12 12 12 12 12 13 13 13 13 13 13 
8 8 8 
8 8 8 8 8 8 8 8 8 8 7 7 7 7 7 7 7 7 
7 12 12 12 4 3 3 3 
3 3 3 3 3 
3 3 3 3 3 3 3 8 8 8 8 8 8 8 7 7 7 7 7 7 7 7 7 13 13 13 13 13 13 13 18 18 18 18 
18 
2 2 2 2 2 2 2 2 2 2 
2 2 1 6 6 6 6 6 6 6 6 7 7 7 7 7 7 12 
12 13 13 13 13 18 18 18 
4 4 4 4 4 4 4 4 4 4 
4 4 4 4 3 
3 3 3 3 3 3 3 3 3 3 3 3 3 3 3 3 8 8 8 7 7 7 7 7 7 7 7 7 7 7 7 7 7 12 12 12 12 12 12 12 12 12 
12 
12 12 12 13 13 13 13 13 13 13 13 18 18 18 
7 7 7 7 
7 7 7 7 7 7 7 7 7 7 7 7 12 12 12 12 12 12 
12 12 7 7 7 
7 7 7 7 7 7 7 
7 7 12 12 12 12 
2 2 
2 2 2 2 2 2 
2 2 2 2 2 2 
2 2 2 2 2 2 2 
2 2 2 2 2 
2 2 6 6 6 6 6 1 1 
1 6 6 6 6 6 6 6 
6 6 6 6 6 6 6 6 6 6 6 
6 6 6 6 6 6 6 
6 6 6 6 6 6 6 6 3 3 3 3 3 
3 3 3 3 2 2 2 2 2 2 2 2 2 2 
2 2 
2 2 
2 2 2 2 2 2 2 2 2 2 2 2 
7 7 7 7 7 7 6 6 6 6 6 6 6 
6 6 
11 12 12 12 12 12 12 12 
12 12 17 17 
18 7 7 7 7 7 12 
12 12 12 12 12 12 12 12 12 12 12 12 12 12 12 12 
12 12 17 17 17 17 
7 7 7 7 12 12 12 12 12 
12 12 12 12 12 12 12 12 
12 12 12 12 12 12 
12 12 12 12 12 
12 13 13 13 13 13 3 3 3 3 2 2 2 2 
2 2 6 
6 7 7 7 
7 7 7 7 7 
7 7 7 7 12 12 12 12 12 12 12 
1 1 6 6 
6 6 6 6 6 
6 6 6 6 6 6 6 6 6 6 
6 6 
6 6 6 6 3 3 3 
3 3 3 3 3 3 3 2 2 7 7 7 7 7 7 7 7 7 
7 12 4 4 4 4 4 4 4 
4 4 9 8 8 8 8 8 8 8 8 
8 8 8 8 8 13 13 13 13 13 13 13 13 13 13 19 19 19 
2 2 
1 6 6 6 
6 6 6 
6 7 7 
7 
12 12 12 12 12 12 12 12 12 12 17 18 18 18 18 23 23 23 23 
8 8 8 8 8 8 8 13 
13 13 13 13 13 
14 14 
3 3 3 
3 3 3 3 3 
3 3 3 3 3 3 3 
8 8 8 8 8 8 8 8 8 8 8 8 8 8 8 8 8 8 
8 13 13 13 
13 13 13 14 14 
14 14 2 2 2 2 2 2 2 2 2 
2 2 
2 2 
2 2 2 2 7 
2 2 2 2 7 7 7 7 7 7 7 7 7 7 7 12 12 12 12 12 3 3 3 3 3 3 3 3 
3 3 3 
7 7 7 7 7 7 7 7 7 
7 7 
12 12 12 12 12 12 
17 
7 7 7 7 
7 7 7 7 7 12 12 12 12 12 12 
1 6 6 6 6 
6 6 6 6 6 6 6 
6 11 11 11 12 12 12 7 7 7 7 7 7 7 7 7 
12 12 12 12 
12 12 12 12 12 
12 
4 3 3 3 
3 3 
3 4 4 
4 4 4 4 4 4 9 9 9 
9 4 4 4 
4 3 3 3 3 3 
3 3 3 3 3 3 3 3 3 3 3 3 3 8 8 8 7 7 7 7 7 7 7 7 7 7 7 7 12 12 12 13 13 13 13 13 18 18 18 
19 19 19 24 
1 1 1 1 1 1 1 6 6 6 6 
6 6 6 6 6 6 6 7 
12 
12 12 12 12 12 12 12 12 6 6 6 6 6 
6 6 6 6 6 6 6 
13 13 13 
13 13 13 13 13 
4 4 4 4 4 4 4 
4 4 4 4 4 4 4 4 4 4 4 4 4 4 3 3 3 3 3 3 3 3 3 3 3 3 3 3 3 3 
3 3 8 8 8 8 8 8 8 8 13 8 8 8 8 8 
7 7 7 7 7 7 7 7 7 
7 12 12 13 13 13 13 13 13 13 13 13 13 13 13 13 13 13 13 13 13 13 13 13 13 13 
13 13 13 13 13 13 13 13 13 13 
13 13 13 
3 3 
3 3 3 3 3 3 3 3 3 3 2 2 2 2 2 2 2 2 
2 2 2 
2 2 2 
2 1 6 6 
6 6 6 6 6 6 6 6 
6 6 
6 
6 6 11 11 4 
4 4 4 4 4 
3 3 3 3 3 3 3 3 3 8 8 8 8 8 8 8 8 8 8 8 8 8 8 8 7 7 7 7 7 7 7 7 7 7 7 7 7 7 7 7 7 7 7 12 12 12 12 
12 
12 
12 3 3 
3 3 3 3 3 8 8 8 8 8 8 8 8 7 7 7 7 
8 8 8 8 8 8 8 8 8 
8 8 8 8 8 
8 8 8 8 13 13 13 13 13 13 13 13 14 
19 19 
19 
3 3 3 3 
3 3 3 2 
7 7 7 7 7 7 7 7 
12 12 12 12 
12 
14 14 14 14 14 14 14 14 14 14 14 14 14 14 14 
14 14 14 14 9 
9 9 9 9 9 9 9 9 9 9 8 8 8 13 13 13 13 13 13 13 14 19 19 19 
2 2 2 
2 2 2 2 
2 2 2 2 2 2 7 8 8 8 8 8 
8 13 13 13 
13 13 13 13 13 13 13 13 3 3 3 3 
3 3 3 3 
3 3 3 8 8 8 8 8 8 8 8 8 8 8 8 8 7 
7 7 7 7 7 7 12 12 13 13 13 13 
13 13 1 1 1 1 6 6 
6 6 6 6 6 6 6 
6 6 11 11 11 11 11 11 8 8 8 8 8 8 8 8 8 8 8 
8 8 8 7 7 
7 
7 7 7 
7 7 7 7 7 7 7 7 7 7 7 7 12 12 12 12 12 12 12 12 12 12 12 12 12 13 13 13 
13 13 13 13 
13 13 13 13 13 13 13 
13 13 13 13 
13 13 13 13 13 13 13 13 8 8 8 8 8 8 8 8 
8 8 9 9 
14 14 14 14 14 14 
14 14 14 14 14 13 13 13 13 13 13 13 13 
13 13 13 13 13 13 13 13 13 18 18 18 
18 18 18 23 23 23 23 19 
7 7 7 7 7 12 12 12 
12 12 12 12 12 12 12 12 12 12 12 12 12 12 12 12 12 12 13 13 13 18 
4 4 4 4 4 4 4 4 4 4 3 3 3 3 3 3 
3 3 3 3 3 3 
3 3 3 8 8 8 8 7 7 7 7 7 7 7 7 7 7 7 7 7 7 7 7 7 7 7 7 7 7 7 7 7 7 
7 7 7 7 7 7 7 12 12 12 12 12 12 
12 12 12 17 18 18 
4 4 4 4 
4 4 4 4 4 3 
3 3 3 3 3 3 3 3 3 3 3 2 2 2 7 7 7 7 7 7 7 7 7 7 7 7 7 7 7 7 7 7 7 7 7 12 12 12 12 12 12 12 13 13 13 13 13 18 18 18 19 19 24 24 25 25 
25 25 
7 7 7 7 7 8 
8 13 
13 
13 13 13 
3 3 3 
3 3 2 7 7 7 7 7 7 7 7 7 
3 
2 2 2 2 2 2 2 2 2 
4 4 4 
4 4 4 4 3 3 
3 3 3 3 3 3 3 3 8 8 8 8 8 8 8 8 8 8 7 7 8 8 13 13 13 13 13 13 
13 13 13 13 
14 14 19 19 19 19 19 19 19 
3 
3 3 3 3 
3 3 3 2 2 2 2 2 2 2 2 7 7 7 7 7 7 7 7 7 7 7 7 12 12 12 12 12 12 12 13 
13 13 
13 13 13 13 13 13 
13 13 13 13 13 13 13 8 8 8 8 8 8 8 8 13 13 13 13 13 13 13 13 13 13 13 13 13 13 13 13 13 6 6 6 6 6 6 6 6 
6 6 
6 6 6 6 11 11 11 11 11 11 4 
3 3 3 3 3 
3 3 
3 3 3 3 3 3 3 3 3 
3 4 4 4 4 4 
4 4 4 4 4 4 9 9 9 9 9 8 8 8 
8 4 4 4 4 4 
4 3 3 3 3 3 3 
3 3 3 
3 3 3 3 3 2 2 2 2 2 2 2 2 2 2 2 2 2 7 
7 7 7 7 7 7 7 7 7 
7 7 7 7 7 7 
7 7 7 7 7 6 6 6 6 6 6 6 11 
11 11 12 12 
12 8 
8 8 8 8 8 8 
8 8 8 8 8 13 13 13 
13 13 13 13 
4 4 4 
4 4 4 4 4 
4 4 4 4 4 4 4 4 4 4 4 4 4 4 4 4 4 3 3 3 3 3 3 3 8 8 8 8 8 8 8 8 8 8 8 8 13 13 13 13 13 13 13 13 13 13 13 18 18 
18 19 19 
3 3 2 2 2 2 2 
2 2 2 
2 2 2 2 2 2 2 2 2 1 1 
1 1 1 1 6 6 6 6 6 6 6 6 6 6 6 6 6 6 6 
6 6 6 6 
6 6 
11 11 11 11 7 7 7 7 7 7 7 
7 7 12 12 12 12 12 12 
4 4 
4 4 4 3 3 
3 3 3 3 3 3 3 3 3 3 3 3 3 3 3 3 8 8 8 8 8 8 8 8 8 8 8 13 13 13 13 13 13 13 18 19 
4 4 
4 4 4 4 4 
3 3 3 3 3 3 3 3 3 3 3 3 3 8 8 8 8 8 8 8 8 8 13 13 13 13 13 18 
18 18 19 19 24 24 25 25 25 25 25 26 
2 
2 7 7 7 7 7 7 7 7 7 7 7 7 7 7 
7 7 7 7 7 7 7 7 7 12 12 12 12 12 12 12 12 12 7 7 7 7 
7 12 12 12 12 12 12 12 12 13 
18 
1 1 1 6 6 6 6 
6 6 7 7 
7 
7 12 12 12 12 12 12 12 12 
17 8 8 8 8 
8 8 13 13 13 13 14 14 14 14 
14 14 4 
4 4 4 4 
4 4 4 4 4 4 4 4 4 4 4 
4 4 4 4 
4 4 4 4 4 4 3 3 3 3 3 8 8 8 8 8 8 8 8 8 7 7 7 7 7 7 7 3 3 3 3 2 
2 2 2 2 2 2 2 2 2 2 2 2 2 2 7 
7 7 6 6 
6 6 6 6 6 6 6 6 6 6 6 6 6 
7 7 12 12 12 7 7 7 
7 12 12 12 12 12 12 12 12 
12 
12 13 
9 14 14 14 14 14 14 14 
14 14 14 14 14 
2 2 2 
2 2 2 2 2 2 2 2 
2 2 2 2 
1 
1 1 1 1 1 1 1 6 6 6 6 
6 6 6 6 6 6 6 6 
6 6 6 6 6 6 6 6 6 6 6 
11 
11 
12 12 12 12 
4 4 
4 4 4 3 3 3 
3 3 3 3 3 3 3 3 3 3 3 8 8 7 7 7 7 7 7 7 12 12 12 12 12 12 17 18 
18 
18 18 19 19 19 19 
6 
6 6 6 6 6 6 6 6 6 6 
6 6 11 2 7 7 7 7 
7 7 
7 7 7 7 7 7 7 7 7 6 6 6 6 6 3 3 3 3 3 3 3 
3 3 
3 2 2 2 2 2 2 2 2 2 2 2 2 2 1 1 1 1 1 1 
1 1 2 2 2 
2 2 2 2 2 2 2 2 
2 2 2 2 2 2 2 2 1 1 1 
1 
1 1 3 3 3 3 3 3 3 3 
3 3 3 3 2 7 7 7 7 7 7 7 
7 8 8 8 8 8 8 8 8 8 13 13 13 13 13 13 13 13 13 13 13 13 13 13 13 13 13 13 13 14 14 14 14 14 14 14 14 14 14 14 
14 
7 7 
7 7 7 7 7 
7 7 7 7 6 6 6 6 
6 6 6 6 
6 6 
6 
6 4 4 4 4 3 3 3 
3 3 3 3 3 3 3 
3 3 3 3 3 8 8 8 8 8 8 8 8 8 8 8 8 8 13 13 13 13 13 13 14 
14 14 19 19 
19 19 19 15 
4 4 4 4 4 4 
4 4 4 3 3 3 3 3 3 3 
3 3 3 8 8 8 8 8 8 8 8 8 8 8 8 8 8 8 8 8 8 8 8 13 13 13 13 13 13 13 13 13 13 
14 14 14 19 19 19 19 19 19 19 19 20 
3 3 3 3 3 3 3 3 3 3 2 2 2 2 2 2 2 2 2 2 2 
2 2 2 2 2 2 2 
2 2 2 
2 2 
1 1 
1 
4 4 4 
4 3 3 3 3 3 3 3 3 
3 8 8 8 8 8 8 7 7 7 7 7 7 7 7 7 7 7 12 12 12 12 12 12 12 12 12 12 12 12 12 12 12 12 12 12 12 
12 12 12 12 12 12 12 13 18 18 
18 18 19 19 24 24 24 24 25 
6 
6 6 6 
6 6 
6 
6 11 3 3 
3 3 3 
3 3 3 3 3 3 3 3 3 
3 3 3 3 
3 3 3 2 2 2 2 2 6 6 
6 6 6 6 6 6 6 6 6 
12 12 
13 13 13 13 8 8 
8 8 8 8 8 13 13 13 13 13 
14 
14 14 14 19 19 20 
7 7 7 7 7 7 
7 7 7 7 7 12 12 
12 8 
8 8 8 8 8 8 8 8 8 8 8 8 8 
8 8 8 8 8 8 8 8 8 8 8 8 
8 8 8 8 8 8 8 8 8 8 8 8 3 3 3 3 3 3 3 3 3 3 3 3 3 
8 8 7 7 7 7 7 
7 7 7 7 7 4 4 4 4 4 
4 4 4 4 4 4 8 8 8 8 8 8 8 
8 8 8 8 8 8 8 4 4 4 4 4 4 
4 4 4 4 4 3 3 3 3 3 3 3 
8 8 8 8 8 8 8 8 13 13 13 13 13 13 13 13 13 13 13 13 13 13 13 13 13 13 13 13 13 13 13 13 13 13 13 14 14 14 14 14 14 14 
14 
14 8 8 8 8 8 8 
8 8 8 9 9 14 14 14 14 
14 14 14 14 14 14 14 14 
14 14 14 14 14 14 14 14 14 14 14 14 14 3 3 
3 3 3 8 8 8 8 8 8 8 8 8 
8 8 8 8 8 8 8 8 
8 14 14 14 14 14 14 14 14 14 14 14 14 14 14 14 14 14 14 14 14 14 14 14 14 14 14 14 14 14 14 14 14 
14 9 
9 9 9 9 9 9 14 14 9 9 9 9 9 9 9 9 9 9 9 9 
9 9 9 
9 
14 13 13 13 13 13 13 13 
13 13 13 13 13 13 13 13 13 13 13 14 14 14 14 14 14 14 14 14 14 14 14 
4 4 4 4 
4 4 4 4 4 
3 3 3 3 3 
3 3 3 3 3 3 3 
3 3 3 3 3 3 7 7 7 7 7 7 7 7 7 7 7 7 7 7 7 12 12 12 12 
17 17 17 17 18 18 18 18 18 18 18 18 19 19 19 19 
6 7 
7 7 12 12 12 12 12 12 18 
7 
7 7 7 7 7 12 12 12 12 12 12 
12 12 12 18 
18 18 18 18 18 18 23 23 
23 23 2 
2 2 2 
2 2 1 1 6 6 6 6 6 6 
7 7 7 
7 7 7 7 7 7 
7 6 6 6 
6 6 6 6 6 6 6 6 6 6 6 6 6 6 6 
6 
6 6 6 6 7 
4 4 4 
4 4 3 3 3 3 3 3 3 3 3 3 3 
3 3 
3 3 
3 3 
3 3 3 3 3 3 3 8 8 8 8 8 8 8 8 8 8 8 8 8 13 13 13 13 13 13 13 13 
13 13 
14 14 
3 3 3 2 2 
2 2 2 2 
2 2 2 2 2 2 1 1 1 1 
1 1 6 6 6 6 6 6 6 6 
6 6 6 6 6 6 6 6 6 6 6 6 6 
6 
6 6 6 6 6 7 7 7 7 7 7 7 
12 12 
12 12 12 12 12 12 12 12 13 13 13 13 13 13 13 13 13 
13 
4 4 
4 4 4 4 4 3 3 3 
3 3 3 3 3 3 3 3 3 3 2 2 2 2 2 2 2 2 2 2 2 2 2 2 2 2 2 2 2 2 2 2 7 7 7 6 6 6 6 6 6 6 6 6 6 6 
11 
11 11 12 12 12 12 12 12 
12 12 12 12 7 7 
7 7 7 7 7 7 7 6 6 6 
6 6 6 6 
6 
9 9 9 8 8 8 8 3 8 8 8 
8 8 9 8 8 8 8 
8 8 8 8 8 8 8 
8 8 8 8 13 13 13 13 13 13 13 13 
13 13 13 13 13 13 13 13 
13 13 13 3 3 3 3 3 
3 
3 3 3 3 3 3 3 
3 3 3 3 3 3 3 
2 2 2 2 2 2 12 
12 12 12 13 
13 18 18 18 18 24 24 24 24 24 24 24 24 24 24 25 25 
7 7 7 
12 12 12 12 12 
2 2 2 2 2 2 2 2 
2 7 7 7 
7 7 7 7 7 7 7 7 7 7 7 7 7 7 12 12 12 12 12 12 
12 
2 2 2 2 2 
2 2 2 2 2 7 7 7 
7 7 
7 7 7 
7 
4 4 4 4 4 4 
4 4 4 4 4 4 4 
3 3 3 3 3 3 3 3 3 3 3 3 3 3 3 3 3 3 3 3 3 3 2 2 2 2 2 2 7 7 7 7 7 7 7 7 7 7 7 7 12 12 12 12 12 13 18 
18 18 23 23 23 
7 7 7 7 
7 7 7 7 8 8 8 8 8 8 8 
4 4 4 4 
4 4 4 4 
4 4 4 4 4 3 3 3 3 3 3 3 8 8 8 8 8 8 8 8 8 8 4 4 4 4 
4 4 4 4 3 
3 3 3 3 3 3 3 3 3 3 3 3 3 3 2 2 2 2 2 2 2 2 2 2 7 7 7 7 7 7 7 7 7 7 7 6 6 6 6 6 6 6 6 6 6 
6 6 
6 6 6 6 6 7 7 6 6 6 6 6 6 6 6 
6 6 6 6 6 7 
7 12 12 12 12 12 17 17 18 18 18 18 18 19 19 19 19 19 19 19 19 19 19 24 24 24 24 24 24 24 24 
13 
13 13 13 13 13 13 
4 4 4 4 4 4 4 4 4 4 3 3 3 3 3 3 
3 3 3 3 3 3 
3 3 3 3 3 3 8 
8 7 7 
7 7 7 7 7 7 7 7 7 7 7 7 7 7 7 7 7 7 7 7 7 12 12 12 
12 
12 12 12 12 12 12 12 12 17 17 17 17 17 6 
6 6 6 6 6 6 6 
6 6 6 6 
7 
12 12 12 12 12 12 12 12 18 18 18 18 18 18 18 18 18 19 19 
1 1 1 1 1 1 1 6 6 6 
6 6 6 6 
6 6 6 6 6 6 6 6 6 6 6 
6 6 6 6 6 6 
6 6 6 6 6 6 6 6 1 1 4 4 
4 4 4 4 9 
9 9 9 9 9 9 4 4 4 4 4 9 9 9 
9 9 8 
8 8 8 8 8 8 8 8 8 8 8 8 8 8 
8 8 8 8 
8 13 13 13 13 13 13 13 13 13 13 13 14 14 
12 12 12 12 
12 12 12 12 12 12 
13 13 13 2 2 1 6 6 6 
6 6 6 6 6 6 6 6 
6 7 11 11 4 4 4 4 4 4 4 4 
4 4 4 4 3 3 3 8 8 8 8 8 8 8 8 8 8 8 
8 8 8 8 1 6 
6 6 6 6 6 6 6 6 6 6 6 
6 6 
6 
11 6 6 6 
6 6 6 6 6 6 6 6 
6 
7 
7 7 12 12 12 12 
3 
3 3 3 3 3 3 8 8 8 
8 8 8 8 8 8 8 7 7 7 7 7 7 7 7 7 7 7 7 7 7 7 7 7 7 7 7 6 6 6 6 6 6 6 6 6 6 6 6 6 
6 11 11 
11 11 12 17 
3 2 2 2 
2 2 2 2 2 2 2 
2 2 2 
2 2 2 2 7 7 
7 7 7 7 7 7 6 6 6 6 6 6 6 6 6 
6 6 6 6 6 6 6 6 6 6 6 6 6 11 
11 11 12 3 3 3 3 3 3 3 3 
2 2 2 2 2 
2 2 2 2 2 2 2 2 2 2 2 2 2 2 2 
2 2 2 2 2 2 2 2 
2 2 2 2 2 2 2 2 6 6 6 6 6 6 6 6 6 6 6 6 6 6 6 6 6 6 6 6 
6 6 6 6 
6 7 7 7 
7 7 7 7 7 
7 7 7 7 7 7 7 7 12 12 12 12 12 7 7 7 7 7 7 7 7 7 7 7 7 7 7 7 12 12 12 
12 12 12 12 13 13 
4 4 
4 4 4 4 
4 4 4 3 3 3 3 3 3 3 3 3 3 3 3 3 3 8 8 8 8 8 8 8 8 8 8 8 13 13 13 13 13 13 13 13 13 
13 13 12 12 12 12 12 13 13 
13 13 13 13 12 12 12 
12 12 7 7 8 13 13 13 13 13 13 13 13 13 13 
13 13 
13 13 
13 
3 2 2 2 2 
2 2 7 7 
7 7 7 7 7 7 7 7 7 7 7 7 
12 12 13 13 13 13 13 13 13 13 13 13 13 13 14 
3 8 8 8 
8 8 8 
8 8 8 8 
8 8 13 13 13 13 13 13 13 13 13 13 13 
19 
2 
2 2 2 2 2 2 1 1 
1 1 1 1 2 2 2 2 2 2 7 
6 6 6 6 6 6 6 6 
6 6 6 6 6 6 
6 6 6 6 6 6 6 6 
6 6 6 6 6 4 3 3 
3 3 3 3 
3 3 3 3 3 3 3 3 3 3 3 3 3 3 3 3 3 8 7 7 7 7 7 7 7 7 7 7 7 7 7 7 7 7 7 7 7 7 7 7 
7 7 7 7 7 7 
7 11 11 12 12 12 12 12 12 
12 
17 17 17 17 1 
1 1 1 
1 3 
3 3 3 3 
3 8 8 8 8 8 8 8 8 7 7 7 7 7 7 7 7 7 7 7 7 7 7 7 7 7 7 7 7 12 12 12 12 12 12 12 12 12 12 12 12 
18 
2 2 2 2 2 2 2 2 2 1 1 1 1 1 1 1 1 1 
7 7 7 
7 7 7 7 7 7 7 7 7 7 12 
12 12 
12 12 12 12 
12 12 12 13 
18 18 18 18 12 12 12 12 12 12 12 12 12 12 
12 12 
12 12 12 
12 12 12 12 12 12 12 12 12 
12 13 
4 4 4 4 4 4 4 
4 4 4 4 4 9 9 9 8 8 8 8 
8 8 8 13 13 13 13 13 13 13 14 14 14 
14 14 14 
4 4 
4 4 4 4 4 4 
4 4 4 4 3 3 3 3 3 3 3 3 3 3 8 8 8 8 8 8 8 8 8 8 8 13 13 13 13 13 13 
13 13 
13 19 19 19 19 19 19 20 20 25 
3 3 3 
3 3 3 2 2 2 
2 2 2 2 2 
7 7 7 7 7 7 7 
7 12 13 13 13 18 
7 7 7 7 7 7 7 7 7 7 7 6 
6 6 6 6 6 6 
6 6 11 11 3 3 3 3 
3 
3 3 3 4 4 4 4 4 4 4 4 4 4 4 4 4 
4 4 3 3 3 3 3 3 3 3 3 3 3 3 
3 3 3 3 3 3 3 3 3 3 3 3 3 3 2 2 2 2 2 7 7 7 7 7 7 7 7 7 7 
7 7 12 12 12 12 12 12 
17 
4 4 4 4 4 4 
4 4 3 3 3 3 3 3 3 3 3 3 
7 7 12 12 12 12 12 
12 12 12 12 12 12 12 12 12 12 13 13 13 13 13 13 
13 13 13 13 13 13 13 
13 13 13 13 13 13 
14 
2 2 2 
2 2 2 1 
1 1 4 
3 3 3 3 3 3 3 3 3 3 3 3 3 3 2 2 2 2 2 7 7 7 7 7 7 7 7 7 7 7 7 7 7 7 7 
12 12 12 13 
7 7 
7 12 12 
13 13 13 13 13 
13 13 13 13 13 13 13 13 
13 3 3 3 3 3 
3 3 8 8 8 8 8 8 8 8 8 
8 2 2 2 2 2 2 
2 2 2 2 2 2 2 
2 1 1 1 1 1 1 1 1 1 6 6 6 
6 6 6 
6 
6 6 
6 11 11 12 12 12 12 12 12 12 12 12 12 17 17 17 17 17 7 7 
7 8 8 
8 13 13 13 13 13 14 14 14 19 19 19 
20 20 
2 2 2 2 2 2 2 2 2 
2 2 2 2 7 7 7 7 1 6 6 6 6 6 2 2 
2 2 2 2 2 2 2 2 
2 2 2 2 2 2 
2 
3 3 
3 3 3 3 3 
3 3 3 3 3 3 8 8 
8 8 8 7 7 7 7 12 12 12 12 13 13 13 
6 6 6 6 6 6 6 6 6 6 6 6 6 6 6 6 6 6 
6 6 6 6 
6 6 6 6 6 6 
6 6 6 6 6 6 6 6 6 
6 4 4 4 
4 4 4 4 4 4 9 9 9 9 9 9 
9 9 9 9 9 9 9 8 8 8 8 8 13 13 13 13 13 
13 13 13 13 13 13 13 13 13 
13 13 13 13 13 13 13 13 
13 13 13 13 13 13 18 18 
18 19 19 19 14 
3 3 2 
2 2 2 2 2 2 2 2 
2 2 
2 2 7 
7 
7 7 7 7 7 7 7 7 7 7 7 
7 7 7 7 7 7 7 7 7 7 7 7 7 7 7 7 7 7 7 7 7 7 7 7 
7 7 7 7 
12 12 12 12 12 12 
12 
3 3 3 3 3 3 3 3 3 2 2 2 2 2 2 2 2 2 7 7 7 7 7 7 7 7 7 
7 7 12 
12 12 12 12 12 12 17 7 7 7 7 7 7 
7 7 7 7 12 
12 12 12 12 12 
12 12 12 12 12 12 12 12 7 7 7 7 7 7 7 
7 7 7 7 7 7 12 7 7 7 7 7 7 7 7 7 7 7 
7 7 7 7 7 7 7 7 7 7 7 7 7 7 7 7 
7 7 7 7 7 12 12 12 12 
12 12 
13 13 
13 13 
13 13 13 13 13 13 13 13 13 13 13 13 13 13 13 13 13 13 13 13 13 13 13 13 
13 13 13 13 13 
13 13 13 
13 13 13 13 13 13 13 13 13 13 13 13 14 14 14 14 14 
14 14 
14 14 14 14 14 7 
7 6 6 6 6 
6 6 6 
6 6 6 6 6 6 6 
6 11 11 11 11 11 11 3 3 3 8 8 8 
8 8 8 8 8 8 8 8 8 
8 8 8 8 8 13 13 13 13 13 13 
4 4 4 4 4 4 4 4 
4 4 4 4 4 3 3 3 
3 3 3 3 3 3 3 3 3 3 3 8 8 8 8 8 8 7 7 7 7 7 7 7 7 7 7 7 7 7 12 12 12 12 12 12 13 13 
13 18 18 19 19 19 19 20 
7 7 7 
7 7 7 
7 7 7 6 6 6 6 6 2 2 2 
2 2 
2 2 2 2 2 2 2 2 2 2 2 2 2 2 2 2 2 2 2 
2 2 2 3 3 3 
3 3 3 3 3 3 3 3 8 8 8 
8 8 8 8 8 8 8 8 
7 7 
7 8 12 12 13 13 13 13 13 7 7 7 7 7 7 7 12 12 12 13 13 13 13 13 13 13 
3 3 3 3 
3 3 3 3 3 3 3 3 3 3 
3 3 3 3 3 3 3 3 2 2 2 8 8 8 8 
8 8 8 8 8 8 8 8 8 8 8 7 
7 7 2 2 2 2 2 2 2 2 2 
2 2 2 
2 2 2 2 2 2 1 1 1 1 
1 1 1 
1 1 1 1 1 
1 1 
2 2 2 2 2 2 2 2 2 
2 
2 2 2 2 7 7 7 7 7 7 7 7 7 
7 7 7 12 12 12 12 
12 12 12 
12 12 12 12 12 
12 12 12 
1 1 
1 1 6 6 6 
8 8 8 8 
8 8 13 13 13 13 
13 13 
3 3 3 3 3 3 3 
3 3 3 3 3 3 3 3 3 3 3 3 3 3 3 3 3 3 3 3 3 3 3 3 3 3 3 3 3 3 3 3 3 8 
8 8 8 8 8 8 8 8 13 13 13 8 8 8 8 8 
8 8 8 
8 8 7 7 7 7 7 7 7 7 7 7 7 7 7 7 7 7 7 7 
7 7 
7 7 
7 8 8 8 13 13 13 13 
13 13 13 18 18 18 
18 18 18 19 19 19 19 19 14 15 
15 3 3 3 3 3 3 
3 3 3 3 3 3 3 3 8 8 8 8 8 8 8 7 7 7 7 7 
7 7 7 7 7 12 12 12 12 12 13 
13 13 18 18 18 18 18 18 18 19 19 19 19 19 19 19 24 24 24 24 24 24 24 24 
6 
6 6 6 6 6 
6 6 6 6 6 6 6 
6 6 
11 11 11 11 11 11 11 11 2 2 1 1 6 6 6 6 6 6 6 6 6 6 6 6 
6 6 6 6 6 
6 2 2 2 
2 2 
2 2 1 1 1 1 1 
1 1 1 
1 1 6 
6 6 6 6 
6 6 6 6 
6 
6 7 7 
7 7 7 7 7 7 7 
7 7 7 7 7 7 7 7 7 7 7 7 7 7 7 7 12 12 12 12 12 12 12 
12 12 12 12 12 12 12 12 12 12 12 12 12 12 12 12 12 12 
12 12 12 12 12 12 12 12 12 12 12 12 17 8 8 
13 13 13 13 13 13 13 13 13 13 
13 13 13 13 14 14 14 14 14 14 14 14 14 14 14 14 14 
14 
7 7 
7 7 7 7 7 7 7 7 7 7 7 7 
7 7 7 7 7 4 4 4 3 3 3 3 3 3 3 8 
8 8 8 8 
8 8 8 8 8 8 8 8 8 8 
8 8 7 7 7 7 7 7 7 7 7 7 7 12 12 12 
12 12 12 12 12 12 12 12 12 13 13 13 
13 13 
7 7 
7 
7 7 7 
7 7 8 8 8 8 
7 7 7 7 
7 7 7 7 8 8 8 8 8 8 8 
8 
3 3 3 3 3 
3 3 3 3 3 
3 3 3 8 8 8 8 8 8 8 8 8 8 8 8 8 8 8 8 8 13 14 
14 14 14 14 14 14 14 14 14 14 14 14 
13 13 13 13 13 13 13 13 8 8 8 8 8 8 8 8 8 8 8 8 8 13 13 13 13 13 13 13 13 13 13 8 
8 8 8 8 8 8 8 8 8 8 8 
8 7 7 7 
7 7 7 6 6 6 6 6 
6 6 6 6 6 6 6 6 
6 6 11 11 12 12 12 12 12 12 12 11 11 11 11 6 6 
6 6 6 6 3 3 2 2 2 
2 2 2 7 7 7 7 7 7 7 7 7 7 7 7 7 7 7 7 12 12 12 12 12 12 
12 12 
12 17 17 17 
7 7 7 6 6 6 6 
7 7 7 7 7 7 7 7 7 7 7 7 7 12 
12 12 12 12 
12 12 13 13 13 
13 13 18 18 18 18 18 18 19 19 
2 2 7 7 
7 
7 
7 7 7 7 7 12 12 12 12 12 12 12 
12 12 13 13 13 13 13 
18 18 18 
8 8 8 
8 8 8 8 8 8 8 
8 8 8 8 8 8 8 8 8 8 13 13 13 13 13 13 13 13 13 13 13 13 
13 
4 4 4 4 4 4 
3 3 3 3 3 3 3 3 3 3 3 3 3 3 3 3 3 3 8 
3 3 3 3 
3 3 3 3 3 2 2 2 7 7 7 7 
7 7 7 7 7 7 
7 7 
7 6 6 6 
6 11 
11 11 11 11 11 11 11 12 7 7 12 12 12 12 12 12 13 
13 13 13 
18 18 18 18 
3 3 3 3 3 3 3 3 
3 2 2 
2 2 2 2 2 2 2 2 2 2 7 7 7 7 7 6 6 6 6 6 6 
6 6 6 6 6 6 6 6 
6 6 6 6 6 6 6 11 11 11 11 11 11 11 11 12 
2 7 7 7 7 7 
7 7 7 7 7 7 7 6 6 6 
6 6 
6 6 6 6 6 6 6 6 6 6 6 6 6 
6 
7 7 7 
7 7 7 
7 7 7 7 7 7 12 12 12 12 
12 
12 12 12 
12 13 
13 13 13 
13 13 13 13 13 13 14 14 14 13 
13 13 13 13 13 13 13 13 13 13 13 13 13 13 13 13 13 18 
4 4 
4 4 4 4 9 9 9 9 8 8 8 8 8 
8 13 13 13 13 13 13 13 19 
19 
19 
2 2 
2 2 2 
2 2 2 2 2 2 7 7 7 
7 7 
7 7 7 7 7 7 7 7 7 7 7 7 7 7 7 7 6 6 6 6 6 6 6 6 
6 7 7 
7 7 7 7 7 7 7 7 7 12 12 6 6 
6 6 6 6 6 6 6 6 6 6 6 
6 6 6 
11 11 11 7 7 7 7 7 7 7 7 7 7 12 12 12 
12 12 12 12 12 12 12 13 13 13 
13 13 13 13 13 13 7 7 7 7 7 7 7 7 7 7 7 7 6 6 6 6 6 6 6 
6 6 6 
6 6 6 6 6 6 6 
6 
6 6 4 
4 4 4 3 
3 3 3 3 3 3 3 3 3 3 3 3 8 8 8 8 8 8 8 8 8 8 8 8 8 8 8 8 13 13 13 13 13 13 
13 13 13 13 13 13 13 13 
13 
13 13 
2 2 2 2 2 2 2 2 
2 2 2 
2 2 2 2 2 2 2 1 1 1 1 
1 1 6 6 6 
6 6 4 4 3 3 3 3 3 3 3 3 3 3 3 
3 3 3 3 3 3 3 
3 3 3 3 3 2 2 2 2 2 2 2 2 2 2 2 7 7 7 7 7 7 7 7 
7 7 
7 7 7 7 7 7 7 7 7 7 7 7 7 7 6 6 6 6 6 6 6 6 6 6 6 6 6 6 6 6 6 
6 
6 6 2 2 1 1 6 6 6 6 6 6 6 6 
6 6 6 6 
6 6 6 6 6 6 6 6 6 6 1 1 1 1 1 1 1 1 
1 1 1 1 1 1 2 2 2 2 2 2 2 
2 2 2 2 2 
7 7 7 7 7 7 7 7 7 7 7 7 7 7 7 13 13 13 13 13 13 13 13 13 13 13 13 13 13 13 13 13 13 13 13 13 14 
14 19 
19 19 19 19 20 20 20 
3 3 
3 2 2 2 
2 2 2 2 2 2 2 2 2 2 2 2 
1 
1 1 1 1 1 1 4 4 4 4 
4 3 3 3 3 3 
3 3 3 3 3 
3 3 8 8 8 8 
8 8 8 8 8 8 8 8 8 8 8 13 14 14 14 14 14 14 
14 14 14 14 14 
14 2 2 2 2 2 2 
2 1 1 1 1 1 1 1 1 6 6 6 6 6 6 
6 6 6 6 6 6 
6 6 
8 8 8 8 8 8 8 8 8 
8 8 8 8 8 
8 8 8 8 13 13 13 13 14 14 14 14 14 19 19 19 
19 19 19 19 19 19 14 14 
3 3 3 3 3 3 3 3 3 3 
3 3 3 3 3 
2 2 2 3 3 3 
3 3 3 3 3 3 3 3 3 3 3 3 3 3 3 3 3 3 
3 3 
2 3 3 3 3 3 
3 3 3 
3 3 3 3 7 7 
7 7 7 7 7 7 7 7 7 12 12 12 12 13 
18 
18 18 18 18 
7 7 
7 7 7 7 7 7 7 
7 12 12 12 7 7 7 
12 12 12 12 7 7 7 7 7 7 7 7 7 7 7 
7 7 7 12 12 12 12 12 12 12 12 12 12 12 12 8 8 8 8 8 8 8 8 8 8 8 8 13 13 13 13 13 13 13 13 13 13 13 13 13 13 13 
13 13 13 13 13 19 19 
19 19 19 19 19 19 14 
14 14 14 15 15 15 15 15 15 3 
3 3 3 3 
3 3 3 3 3 3 3 8 2 2 2 2 
2 2 1 1 1 1 1 6 
6 6 6 6 1 
1 
7 
7 7 7 7 7 7 7 7 
7 7 7 8 8 8 
13 
13 13 13 14 14 14 14 14 14 14 14 14 14 14 14 14 
14 14 14 14 14 14 14 14 14 14 14 14 14 9 4 4 4 4 4 4 4 4 4 4 4 9 8 8 
8 8 8 8 
8 8 8 8 8 8 8 8 8 8 8 8 8 8 8 8 8 8 8 8 8 8 8 13 13 13 13 13 13 13 13 13 13 13 13 13 13 13 14 19 19 19 19 19 
14 15 20 20 
20 
4 4 4 4 4 4 
4 4 4 4 4 4 4 4 4 4 4 4 4 4 
3 3 
3 3 3 3 3 8 8 8 8 8 8 8 8 8 8 8 8 8 8 8 8 8 
8 8 
8 8 8 8 7 7 7 
7 8 8 8 8 8 8 8 
8 13 
13 
3 
3 3 3 3 3 3 3 3 8 8 8 8 8 8 8 13 13 
13 18 
6 6 
6 6 6 6 6 6 
6 6 6 6 6 6 6 
6 6 6 6 6 6 6 6 6 6 11 
11 2 2 2 
2 2 2 2 2 2 
2 2 2 2 2 2 2 2 2 2 2 2 2 2 1 1 1 1 1 1 1 1 
1 1 1 1 1 1 1 1 
1 1 1 1 1 1 1 1 1 1 1 1 
6 6 
6 
6 6 7 7 7 
7 7 12 12 12 13 13 13 18 19 19 19 19 19 25 25 
13 
13 13 13 13 13 13 13 8 8 8 8 8 
8 8 8 8 8 8 8 8 8 8 8 3 
3 3 3 3 3 2 2 
2 2 2 
2 2 2 2 2 2 2 
7 7 
7 7 7 7 
7 
7 7 
7 12 12 12 12 12 12 
12 12 12 
