3 4 4 
1 3 3 3 3 3 3 3 3 3 3 3 3 3 3 
3 3 8 8 8 8 8 8 8 
1 8 8 8 8 8 
2 8 7 7 12 12 12 12 12 12 12 12 12 12 12 12 12 12 12 13 13 13 13 13 18 
1 18 
4 18 18 18 23 23 23 23 
3 7 7 7 7 
1 7 7 
2 7 7 7 7 7 12 12 12 12 12 12 12 12 13 13 13 18 18 18 18 18 
1 19 19 
3 4 4 4 4 4 
1 4 4 4 4 3 3 3 3 
2 3 3 3 3 3 3 3 3 3 3 3 3 3 3 2 2 2 2 2 2 2 7 7 7 7 7 7 7 7 7 7 7 7 7 12 
1 12 12 
4 12 17 17 17 17 18 18 18 18 18 
3 3 8 
1 8 8 8 7 7 7 7 7 7 7 7 7 7 7 7 7 7 
2 7 7 7 
1 7 7 7 7 7 7 7 7 7 7 7 7 7 7 7 12 12 12 12 
4 12 12 17 18 18 
3 4 4 
1 4 4 4 4 
2 4 4 4 4 4 4 4 4 4 4 3 3 3 8 8 8 8 8 8 8 8 8 8 13 13 13 14 14 
1 14 14 14 14 14 
3 14 14 
4 14 14 14 14 14 14 14 14 14 15 
3 15 15 7 7 7 
1 7 7 7 7 7 7 7 7 7 7 7 7 7 
2 7 12 12 12 12 13 
1 7 7 7 7 7 7 12 12 12 12 12 12 12 12 12 12 
3 4 3 3 
1 3 3 3 3 
2 3 3 3 3 3 3 3 3 3 3 2 2 2 2 2 2 2 2 2 2 2 7 
1 7 
2 7 7 7 7 7 7 7 7 7 7 7 7 12 
1 12 12 12 12 12 12 
4 12 17 17 17 18 
3 3 3 3 
1 3 3 3 3 3 3 2 7 7 7 7 7 7 7 7 7 7 7 7 
3 7 8 8 8 8 
1 8 8 8 8 
2 8 8 8 7 7 7 7 7 7 7 7 12 13 13 13 
1 13 13 13 13 13 13 
3 13 13 14 14 14 14 14 14 14 14 14 14 6 6 6 
1 6 6 6 6 7 7 7 7 
3 6 
1 6 6 6 6 
3 6 6 6 11 11 11 7 12 12 12 12 
1 12 12 12 12 12 12 12 12 12 12 13 13 13 
2 13 13 13 13 13 13 13 
1 14 14 14 14 
3 7 12 
1 12 12 12 12 12 12 12 12 12 12 12 12 12 12 13 
3 2 2 2 2 
1 2 2 2 2 2 
2 2 7 7 7 7 8 8 8 8 8 8 8 8 8 13 13 13 13 13 
1 13 13 13 13 
3 2 2 2 
1 2 2 2 2 2 2 2 
2 2 
1 2 2 2 2 7 7 7 7 7 7 7 7 7 7 7 7 7 7 12 12 
3 12 
4 12 12 12 12 12 12 
3 12 12 17 17 7 7 7 
1 7 7 7 7 7 7 
2 7 7 7 7 7 7 7 6 6 6 6 6 6 6 6 6 
1 11 11 
3 11 11 11 3 3 3 3 3 
1 3 3 3 3 3 3 3 8 8 7 7 7 
3 7 7 7 8 8 8 
1 8 13 13 13 13 
2 13 13 13 13 13 13 13 13 13 13 13 13 13 13 13 13 13 13 
1 13 13 18 18 18 18 
4 19 19 19 18 
3 6 6 6 
1 7 7 
2 7 7 
1 7 7 7 
3 7 7 7 7 7 7 6 6 6 6 6 6 6 6 6 
1 6 6 
3 6 11 6 6 6 6 6 6 
1 6 6 6 
2 6 6 6 6 
1 6 6 6 6 6 6 
3 6 6 6 6 6 6 6 6 6 6 6 6 6 6 6 6 6 6 6 13 
4 13 13 13 13 13 12 12 12 12 12 12 
1 12 12 12 12 
2 12 12 
1 12 12 
3 2 2 2 2 2 2 2 2 2 2 2 2 2 2 2 2 2 2 2 2 2 2 2 
1 2 2 2 2 
2 2 2 
1 2 2 2 2 2 2 2 2 2 2 2 2 
3 2 2 2 
1 2 2 2 2 2 2 7 7 
3 7 7 7 7 12 12 12 12 12 12 
1 12 12 12 12 12 12 12 
2 12 12 12 12 
1 12 12 12 12 12 12 12 12 13 13 
4 13 13 13 13 13 13 13 13 13 13 13 13 19 19 19 19 19 19 20 20 20 20 20 20 20 20 20 20 25 
3 25 25 25 25 20 20 4 4 4 4 4 8 8 8 
1 8 8 8 8 8 13 13 13 13 14 14 14 14 
3 4 4 4 
1 4 4 4 4 
2 4 4 3 3 3 3 3 3 3 3 3 8 8 8 8 
1 8 8 8 8 8 8 
3 13 13 13 13 3 3 3 3 3 3 3 3 
1 3 3 3 3 3 2 2 2 2 2 2 2 2 2 2 2 2 2 2 2 2 2 2 2 2 2 2 2 2 2 2 2 2 2 2 
2 1 1 1 1 1 
1 1 1 1 1 1 1 1 1 1 1 1 1 1 1 1 
3 1 4 4 4 4 4 4 4 4 4 
1 4 4 4 4 4 3 3 3 3 3 3 3 3 3 3 3 8 8 
3 8 4 
1 4 4 4 4 3 3 3 3 3 3 3 3 3 3 3 3 3 3 8 8 8 8 8 
3 8 7 
1 7 7 7 
2 7 7 7 7 7 
1 7 7 7 7 12 
3 12 12 
4 13 13 13 13 18 
3 19 19 2 
1 2 2 2 2 
3 7 7 7 7 3 3 3 3 3 3 
1 3 3 3 3 3 3 3 3 2 2 2 2 2 2 2 
3 2 2 2 
1 2 2 2 2 2 2 2 2 7 7 
2 7 
1 12 
3 7 7 7 12 12 12 
1 12 12 12 12 13 13 13 13 13 13 
4 18 18 
3 3 3 3 3 3 3 3 3 
1 3 3 3 3 3 3 3 
3 2 2 2 2 2 6 6 6 6 
1 6 6 6 6 
2 6 6 6 6 
1 6 
3 6 11 11 11 11 11 3 
1 3 3 3 3 
2 3 2 2 2 2 2 
1 2 2 2 2 2 2 2 2 
3 2 2 2 
1 2 2 2 2 2 2 
2 2 2 7 
1 7 7 7 
2 7 7 7 
1 7 7 
4 7 7 7 7 7 8 8 8 13 13 13 
3 8 8 
1 8 8 8 8 8 8 8 8 13 13 14 
3 14 12 12 7 
1 7 7 7 7 7 12 12 12 12 12 
3 12 12 12 12 13 3 3 2 2 2 2 2 2 2 2 2 2 2 2 2 2 2 2 
1 2 2 2 2 2 7 7 7 7 7 7 7 7 7 7 7 7 7 
2 7 7 7 7 
4 12 12 12 12 12 12 17 17 18 23 23 23 
3 3 3 
1 3 3 3 3 3 3 3 3 3 3 3 3 3 3 2 2 2 2 2 2 2 2 2 2 2 2 2 
2 2 2 2 2 2 2 2 2 2 2 2 2 2 2 2 2 2 2 2 2 
1 1 
3 8 
1 8 8 8 8 
3 8 8 8 
1 8 8 8 
2 8 8 8 8 8 8 13 13 13 13 13 13 13 13 13 13 
1 13 13 13 13 13 13 13 13 13 13 
2 13 13 13 13 13 13 13 13 13 13 13 13 13 13 13 13 
1 13 
4 13 
3 7 
1 7 7 7 7 7 7 
2 7 7 7 7 7 7 12 13 13 
1 13 13 13 13 
4 13 13 13 13 14 14 14 14 
3 7 7 7 7 7 7 12 12 12 12 
1 12 12 12 13 
4 7 7 7 7 7 7 7 
1 7 7 7 7 7 7 7 7 7 7 7 7 7 7 12 12 12 
4 13 13 13 
3 7 
1 7 7 7 7 
3 7 7 7 7 2 2 
1 2 2 1 1 
2 1 
1 1 1 
3 1 1 
1 6 6 6 6 6 6 
2 6 
1 6 
3 6 6 6 6 6 
1 6 6 6 6 
3 6 6 11 11 11 11 11 11 11 6 6 6 6 6 6 6 6 6 6 6 7 7 7 7 7 7 6 
1 6 6 6 6 6 6 
3 6 6 6 6 6 6 6 6 6 6 6 6 6 6 7 7 7 
1 7 7 7 7 7 7 8 
3 8 8 7 7 
1 7 7 7 7 7 12 12 12 
3 12 
1 12 12 12 12 12 12 12 12 12 12 12 
2 12 12 12 12 13 13 
1 12 12 12 12 12 12 12 
3 12 8 8 
1 8 8 8 8 8 8 8 8 8 
2 8 8 13 13 13 13 13 13 
1 13 18 
4 18 18 
3 7 7 7 7 
1 7 7 7 7 
2 7 7 12 12 12 12 12 12 12 12 13 13 13 13 13 13 
1 13 
3 4 4 
1 3 3 3 3 3 3 3 3 3 
2 3 3 2 2 2 2 7 7 7 7 7 7 7 7 7 7 7 7 7 12 12 12 
1 12 12 12 12 12 
4 17 17 18 18 18 18 23 23 23 23 23 
1 2 7 7 
2 7 7 7 6 6 6 6 6 6 6 6 6 11 
1 11 
3 11 11 11 11 12 12 12 12 
1 12 12 12 12 12 13 
3 4 4 4 
1 4 4 4 3 3 3 3 3 3 3 3 3 
3 3 3 3 3 2 2 2 2 
7 2 2 2 2 2 2 2 2 2 7 7 
3 7 
1 7 7 7 7 7 7 7 7 7 7 7 7 7 7 7 12 12 12 12 
2 12 12 
1 12 12 12 
3 3 3 3 3 
1 3 3 3 3 3 
2 3 3 3 2 2 7 7 7 7 7 7 7 7 7 7 7 7 12 12 12 12 12 12 13 
1 18 18 18 
3 4 4 
1 4 4 4 4 4 3 
2 3 3 3 3 3 3 3 3 3 
1 3 3 3 3 3 3 3 2 
3 2 2 2 2 2 
1 2 2 2 1 1 1 1 1 1 1 1 1 1 1 1 1 1 1 
3 1 4 3 3 3 3 3 8 
1 8 8 8 8 8 8 8 8 8 8 8 13 13 13 
2 13 13 13 13 
1 18 18 
4 18 
3 3 
1 3 3 3 3 
2 3 3 3 3 
1 3 3 3 3 3 3 3 3 2 2 2 2 2 2 2 2 
2 7 7 7 7 7 7 7 7 7 8 8 8 8 8 8 8 8 8 8 8 8 8 13 13 13 13 
1 13 
4 18 18 19 19 19 19 19 19 19 20 20 20 
3 4 
1 4 4 4 4 4 4 4 4 4 3 3 3 3 3 3 
2 3 3 8 8 8 8 8 8 8 8 8 8 8 8 8 7 7 7 7 7 7 7 7 7 7 
1 7 7 7 7 7 12 12 12 12 12 12 12 12 13 13 13 13 13 13 13 13 
2 13 13 13 13 13 
1 18 18 
4 18 19 19 
3 4 4 4 
1 3 3 3 3 3 3 3 3 3 3 3 3 
3 3 2 2 
1 2 2 2 2 2 2 
2 2 2 2 2 7 7 7 7 7 7 7 12 
1 12 
4 12 12 
3 4 4 4 4 
1 4 4 4 3 3 3 3 3 8 8 8 8 
3 8 8 8 8 7 
1 7 6 6 6 
3 6 7 
4 7 7 
1 7 7 7 7 7 7 7 7 12 12 12 12 12 12 
4 13 
3 2 
1 2 2 2 
2 2 2 
1 2 2 
3 2 2 2 2 
1 2 2 2 
2 2 6 6 6 6 6 
1 6 
2 6 
1 6 6 
4 6 
3 6 6 3 3 2 2 
1 2 2 2 2 2 
2 2 2 2 2 2 2 2 2 1 1 
1 1 7 7 7 7 7 
3 7 7 7 7 7 7 7 7 6 6 6 6 6 6 6 6 6 6 6 6 6 6 6 6 6 6 6 6 6 
1 7 7 7 7 
2 7 7 7 7 7 7 7 7 7 7 7 7 7 7 7 6 6 6 6 6 6 6 7 
1 12 12 12 12 12 
3 2 2 
1 2 2 2 
2 2 2 2 
1 2 2 2 2 2 2 2 2 2 2 2 
2 2 2 7 7 7 7 7 6 6 6 6 6 6 
1 6 6 
3 11 11 11 11 11 11 11 11 11 11 11 11 7 7 7 
1 7 7 7 7 7 7 7 
2 7 7 7 7 6 6 6 6 6 6 6 6 6 6 6 6 6 
1 6 11 
3 11 11 11 11 7 7 7 7 7 7 7 7 12 12 12 12 12 12 12 12 
1 12 12 
2 12 12 12 12 12 12 12 17 
4 18 18 
3 2 2 2 2 2 2 
1 2 2 2 2 2 
2 2 2 2 2 2 2 2 2 1 1 1 1 6 6 6 6 6 6 6 6 6 6 7 7 7 7 7 12 12 12 
4 13 13 18 
3 6 6 
1 6 6 6 6 
3 6 6 6 6 6 6 
1 6 6 6 6 6 6 6 
3 6 7 7 
1 6 6 6 6 6 6 6 6 
2 6 1 1 
1 1 1 
3 12 12 12 13 13 13 
1 13 13 13 13 13 13 13 13 13 13 13 13 13 13 
2 13 13 13 13 13 13 14 14 14 14 14 14 14 14 
1 14 14 13 13 13 13 18 
3 7 
1 12 12 12 12 12 12 12 12 12 13 
2 13 13 13 13 13 13 13 13 13 13 18 18 18 
3 3 3 3 3 3 3 8 8 8 8 8 8 
1 8 8 
3 8 8 8 13 13 13 13 13 13 13 13 1 
1 6 6 6 
3 8 7 7 
1 7 7 7 7 
2 7 7 7 7 7 7 7 7 7 
1 7 7 7 7 
3 7 7 8 7 7 
1 7 7 7 7 
2 7 7 7 7 7 7 7 7 7 12 12 12 12 12 12 12 13 18 18 18 
3 12 12 7 7 7 7 7 7 
1 7 12 12 12 12 12 12 12 12 12 17 18 
3 7 7 
1 7 7 7 7 7 7 12 13 13 13 13 13 13 13 13 13 13 13 13 13 13 13 13 
4 13 13 13 13 13 19 19 19 14 14 14 
3 14 14 14 14 14 14 14 14 14 12 12 12 12 
1 12 12 12 13 13 13 13 
3 12 
1 12 12 12 12 12 12 12 12 12 12 12 12 
4 12 17 18 
3 7 7 7 7 7 7 7 
1 7 7 7 7 7 7 7 7 7 7 7 7 12 12 12 12 
3 12 12 12 12 13 3 3 3 3 
1 3 3 2 2 2 7 
2 7 7 7 7 7 7 7 7 7 7 7 7 7 7 7 7 7 7 12 12 12 12 12 
1 12 
2 12 12 12 
1 12 12 12 12 12 12 18 18 
4 13 13 
3 3 3 8 8 
1 8 8 8 8 8 8 8 
2 8 8 8 8 8 8 13 13 13 13 13 13 13 13 13 13 13 13 13 
1 13 13 13 13 13 13 
4 18 19 19 19 19 19 19 24 24 24 24 24 24 
3 7 7 7 7 7 7 7 7 7 7 7 7 7 7 7 
1 7 7 7 7 7 7 12 12 12 
2 12 12 12 12 13 13 
1 13 13 13 13 13 
3 13 6 6 
1 6 6 6 
2 6 6 6 6 6 6 
1 6 
3 2 2 7 7 7 7 
1 6 6 
2 6 6 6 6 6 6 6 6 6 
1 6 6 6 
3 6 6 6 6 6 
1 6 6 6 6 6 6 6 6 
3 6 6 11 
1 7 7 7 7 7 7 7 7 
2 7 7 7 7 12 12 12 12 12 12 12 12 12 
1 12 12 12 12 12 12 12 12 12 12 
3 7 7 7 7 7 7 7 7 7 7 7 7 7 7 7 7 7 7 
1 7 7 7 7 
2 7 7 7 8 8 8 8 13 13 13 13 13 13 13 13 13 13 13 13 13 13 13 13 13 13 13 13 13 13 8 8 8 8 8 8 8 8 8 8 8 8 8 8 8 8 8 7 7 7 7 7 7 7 7 7 7 7 7 7 7 7 7 7 7 7 7 7 7 7 7 7 7 7 12 12 12 12 12 
1 12 12 12 
3 12 12 12 12 12 12 12 12 12 12 12 12 12 12 
4 18 18 18 13 13 13 14 14 14 14 14 14 14 14 14 14 14 14 14 14 14 14 14 14 
1 14 14 14 14 14 14 14 19 19 19 
4 19 20 
8 12 12 12 12 7 7 7 7 7 7 7 7 7 
1 7 7 7 7 7 7 7 
3 7 7 7 7 7 7 12 12 6 6 6 6 6 6 6 6 
1 6 6 6 6 6 6 6 6 
2 6 6 6 6 6 6 
1 6 
3 7 12 12 12 12 12 
1 12 12 12 12 12 
3 7 7 7 7 7 7 7 12 12 12 12 12 
1 12 12 7 7 8 8 8 8 13 13 13 13 13 13 13 13 13 13 14 14 19 19 19 19 24 24 
3 6 6 6 6 
1 6 6 6 6 
3 7 12 12 12 12 12 12 12 12 12 7 
1 7 12 12 12 
2 12 13 
1 13 
3 2 
1 2 2 2 2 2 2 2 2 2 2 2 7 
4 7 7 7 7 8 8 8 8 
3 4 4 4 4 4 4 4 4 4 
1 4 4 
3 4 4 3 3 3 3 3 3 3 
1 3 3 3 3 3 
3 7 7 7 7 
1 7 7 7 7 7 7 12 12 12 
4 12 12 13 18 18 18 18 18 19 19 19 19 
3 2 2 1 1 7 7 
1 7 7 7 7 7 2 2 2 2 2 1 1 1 1 2 2 2 
3 6 
1 6 6 6 
3 6 7 7 7 7 7 7 7 12 12 12 
1 12 12 
2 12 12 12 
1 13 13 13 
2 13 13 13 13 13 13 14 14 
3 14 14 3 3 
1 3 3 3 3 3 3 3 3 3 
2 3 8 8 7 7 7 7 7 7 7 7 7 7 7 7 7 7 7 7 7 7 7 12 12 12 
1 12 12 12 
4 12 12 17 17 17 18 18 18 
3 3 
1 3 3 3 3 3 
2 3 3 3 3 3 3 
1 3 3 3 3 8 8 8 8 8 8 8 8 
3 7 7 7 3 3 3 3 3 3 3 3 3 
1 3 3 3 2 2 2 2 2 2 2 2 
3 2 6 6 6 
1 6 6 6 
3 6 6 6 6 6 6 6 11 11 11 11 
1 11 11 
3 4 4 4 4 
1 4 4 4 4 4 4 4 
3 4 4 4 
1 4 4 4 4 4 9 
2 9 9 
1 9 9 9 9 
3 9 9 9 9 9 9 9 9 9 9 3 3 
1 3 3 3 2 2 2 2 2 
3 2 2 2 8 8 8 
1 8 8 8 8 8 8 
2 8 8 8 8 8 8 8 8 8 8 8 8 8 8 8 8 8 13 13 13 13 13 13 13 13 13 13 14 14 14 14 14 
4 14 15 20 20 20 24 19 19 19 19 19 19 
3 20 20 20 6 6 6 6 6 6 
1 6 6 6 6 6 6 
3 6 11 11 13 13 
1 13 13 13 13 13 
4 18 18 19 
3 1 1 
1 7 7 7 7 7 
4 7 
1 7 6 6 6 6 6 6 
2 6 
1 6 
3 2 2 2 
1 2 2 2 2 2 2 
2 2 2 2 2 2 7 7 7 7 7 7 7 7 6 6 6 
1 6 
3 11 11 11 11 11 11 11 11 11 11 11 11 11 11 11 11 11 11 11 11 11 11 11 12 12 12 12 17 
1 1 1 1 1 1 1 
3 1 1 
1 7 7 7 7 7 
3 7 6 7 7 7 
1 7 7 12 12 
2 13 13 13 13 13 
4 18 18 
3 4 3 
1 3 3 3 3 3 8 
2 8 8 8 8 8 8 8 8 8 13 13 13 13 13 18 
3 7 
1 7 7 7 7 
2 7 12 13 
3 7 7 7 
1 7 7 7 7 12 
2 12 
1 12 
3 12 12 12 12 
1 12 12 12 12 12 12 
4 13 18 18 18 18 19 
3 12 12 
1 12 12 12 13 13 13 18 18 18 
3 13 13 13 
1 13 13 13 13 13 13 13 13 13 13 13 13 13 13 13 13 13 13 13 13 13 13 13 
2 14 14 
1 14 14 14 14 
3 6 6 
1 6 6 6 6 6 6 
2 6 6 
1 6 
3 6 6 6 6 11 11 11 11 12 12 12 12 
1 12 7 7 7 7 7 7 7 7 7 7 7 
3 7 
1 13 13 13 13 13 13 13 13 8 8 8 8 
3 9 9 9 9 
4 12 12 12 12 12 7 7 7 7 7 7 
1 7 7 7 7 7 
3 7 7 7 7 7 7 7 7 7 7 7 7 7 7 3 3 3 3 
1 3 3 3 3 3 3 3 3 2 2 2 2 2 2 2 2 2 2 2 2 2 2 2 2 2 2 2 2 2 7 7 7 7 7 7 7 7 7 7 7 7 7 7 7 7 7 6 6 6 6 6 6 6 6 6 
2 6 6 6 6 6 6 6 6 6 6 6 6 
1 6 6 6 6 6 6 6 6 11 
3 11 11 11 11 11 11 12 12 
1 12 12 12 12 12 
3 12 12 12 6 6 6 6 6 6 6 
1 6 6 6 
3 6 6 
1 6 6 6 
3 6 6 6 6 6 6 6 6 6 6 6 6 6 6 6 6 6 6 6 6 
1 6 6 6 
3 6 6 12 12 12 12 12 12 12 12 12 12 12 12 12 12 12 12 12 12 12 12 
1 12 12 
3 12 12 12 12 7 
1 7 7 7 7 7 7 7 7 7 
2 7 12 12 12 12 12 12 
4 17 17 17 17 
3 17 4 
1 4 4 4 4 4 4 4 4 4 4 4 3 3 3 3 3 3 3 3 8 
3 8 8 8 8 8 8 8 8 8 8 3 3 3 7 7 4 3 3 3 3 3 3 3 3 
1 3 3 3 3 3 3 3 3 7 7 7 7 7 7 7 7 
3 6 6 6 6 6 6 
1 6 6 6 6 
2 6 7 7 7 
1 7 7 
3 7 12 12 12 12 12 12 12 12 12 12 8 8 8 8 8 
4 8 8 8 8 8 8 8 8 
1 8 8 8 8 8 8 8 8 8 8 8 8 8 8 8 8 8 9 9 9 9 9 9 
4 9 9 9 10 15 
3 7 7 7 
1 7 
2 7 7 
1 7 7 
2 7 7 7 
1 7 7 7 7 7 7 7 7 7 7 
2 7 12 12 12 
1 13 13 13 
3 3 3 3 3 3 3 3 2 2 2 
1 2 7 
2 7 7 7 7 7 7 7 7 7 7 7 7 7 7 7 7 7 7 7 7 7 7 7 7 7 7 7 7 7 7 7 7 7 7 7 7 7 7 7 7 7 6 6 6 6 6 6 
1 11 11 
3 11 11 11 11 11 11 12 6 6 6 6 6 6 
1 6 6 6 7 7 7 12 12 12 12 12 
3 7 7 7 7 
1 7 7 7 7 7 12 
2 12 12 12 12 12 12 12 12 12 13 13 18 18 
1 18 
3 4 3 3 
1 3 3 3 3 3 3 3 3 3 3 8 8 8 7 7 7 7 7 7 
2 7 7 7 7 7 7 7 7 7 7 7 7 6 6 6 6 6 6 
1 6 6 
3 11 11 11 11 9 
1 9 8 8 8 8 8 8 8 8 8 8 8 8 8 8 8 8 8 8 8 8 8 8 8 8 8 8 8 
3 8 8 8 8 8 8 2 2 2 
1 2 7 7 
3 7 7 
1 7 
3 7 2 2 2 2 2 1 1 6 6 
1 6 
2 6 6 6 6 6 6 6 6 
1 6 
3 3 3 3 3 
1 3 
2 8 8 8 7 7 7 7 7 7 7 7 13 13 13 13 13 13 13 13 13 13 13 
1 13 13 13 
3 13 13 14 4 4 4 4 4 4 4 
1 4 4 4 4 4 
2 4 4 4 
1 4 4 4 4 3 3 3 3 3 3 3 3 8 
2 8 8 8 8 8 8 8 8 8 8 8 8 8 13 13 13 13 13 13 13 13 
1 13 13 13 13 
2 13 13 13 13 13 13 14 14 14 
3 8 
1 8 8 8 
2 8 8 8 8 8 8 8 8 8 8 8 8 8 8 8 8 8 8 8 8 8 8 8 8 13 13 13 13 13 
4 13 18 18 18 
1 2 2 2 2 2 2 2 2 2 2 2 
7 2 2 7 7 7 7 7 
3 7 7 
1 7 7 
3 7 6 6 6 6 6 6 
1 6 6 
2 6 6 
1 6 6 
3 6 6 6 1 1 1 6 6 6 6 6 6 6 6 6 6 6 6 6 6 7 7 
1 7 7 7 7 7 7 7 
2 7 7 7 7 12 12 12 12 13 
4 18 18 18 
3 8 8 8 
1 8 8 8 8 8 8 8 8 8 8 
2 8 8 13 13 8 13 13 13 13 8 8 
1 8 8 7 7 7 
3 7 7 7 7 7 7 
1 7 7 7 7 7 7 7 7 
3 7 7 7 
1 6 6 6 6 6 6 6 6 6 6 6 6 6 6 6 6 6 6 6 7 7 7 7 7 7 
3 7 7 7 13 
1 13 13 13 13 13 13 13 13 18 19 19 
3 3 
1 3 3 3 3 3 3 3 3 
3 8 7 7 7 7 7 7 7 7 7 7 7 7 2 2 2 2 2 2 2 
1 2 2 2 2 2 2 2 2 2 2 2 
2 1 1 1 1 1 
1 1 
3 1 1 1 7 7 
1 7 7 7 7 7 7 
2 7 12 12 12 12 12 12 12 12 12 12 17 
3 1 6 
1 6 6 6 6 
3 6 6 3 3 3 3 3 3 
1 3 3 3 3 3 3 
3 2 2 12 12 12 12 7 7 7 7 7 7 7 7 7 7 
1 7 7 7 7 
2 7 7 7 
1 7 12 12 
2 12 12 12 12 12 12 12 12 12 12 13 
4 18 
3 6 6 6 6 
1 6 6 6 
2 6 6 6 6 6 6 6 
1 6 6 6 
3 6 6 6 6 11 11 11 11 11 11 11 12 12 12 12 12 
1 12 12 12 12 12 12 
4 12 12 12 13 13 
3 3 3 3 3 3 3 3 3 3 3 7 7 7 7 7 7 7 7 7 7 
1 12 12 12 12 12 12 12 12 12 12 12 12 13 13 13 13 13 
3 6 6 6 6 6 6 6 6 
1 6 6 6 6 
3 6 3 3 
1 3 3 3 3 
2 3 3 3 3 2 2 2 2 2 
1 7 7 7 7 
3 3 3 3 3 
1 3 3 3 3 3 3 3 3 
2 3 2 2 2 2 2 2 2 2 2 2 2 2 2 2 2 1 6 6 6 6 6 6 6 6 6 6 6 
1 6 
3 6 
7 3 3 3 
1 3 2 2 2 2 2 2 2 2 2 2 
2 2 
1 2 6 6 6 6 6 6 6 6 6 6 6 6 6 6 6 6 6 
2 6 6 6 
1 6 6 6 6 
3 6 6 9 
1 9 9 9 9 9 9 9 9 9 
3 8 8 8 8 8 
1 8 8 8 8 8 8 8 8 8 
2 13 13 13 13 13 14 
1 14 
4 14 19 19 
3 7 7 
1 7 7 7 7 7 12 12 12 12 12 12 12 
2 12 12 12 12 12 12 12 13 13 13 13 13 13 13 13 13 
1 13 13 13 13 13 13 13 13 13 13 13 13 13 13 13 
3 13 7 
1 7 7 7 7 7 7 7 7 7 7 7 7 7 7 7 7 7 7 7 12 12 12 12 12 12 12 12 12 12 12 12 13 
4 13 18 18 18 
3 2 2 2 2 2 2 2 2 2 
1 2 2 2 2 2 2 
2 2 2 2 2 2 2 7 7 7 7 7 7 7 7 
4 7 7 7 
3 1 1 1 
1 1 6 6 
3 6 
1 6 6 6 6 
2 1 1 
1 1 
3 1 1 1 1 1 6 6 
1 7 7 7 
2 7 7 7 
1 7 7 7 7 7 7 7 7 7 7 7 7 7 12 
3 12 12 12 12 12 12 12 12 12 12 12 12 12 12 12 12 12 12 12 12 12 12 12 12 7 7 7 12 12 12 
1 12 12 12 12 12 12 12 
3 2 2 7 7 7 7 6 6 
1 6 6 6 6 
2 6 6 6 6 
1 6 11 
3 11 11 11 11 11 12 12 12 12 12 12 12 12 12 12 12 12 3 3 3 3 
1 3 3 3 3 3 3 3 3 3 
3 3 2 2 2 2 2 2 2 
1 2 7 7 7 7 7 7 7 7 7 7 7 7 7 7 7 7 7 7 
3 7 7 7 7 7 7 7 
1 7 7 7 7 12 12 12 12 12 12 12 12 12 
4 13 18 18 18 18 23 23 23 23 
1 7 7 7 12 12 12 12 12 12 12 12 12 12 12 12 12 12 12 12 
3 3 3 
1 3 3 3 8 8 8 8 8 8 8 2 2 
3 2 2 2 2 3 
1 3 3 
2 3 3 3 3 3 2 2 2 2 2 2 2 2 2 2 2 2 7 7 7 7 7 7 7 7 7 
1 7 7 7 7 7 7 12 
3 12 12 12 12 12 12 12 12 12 12 
1 12 12 12 12 12 
2 12 12 12 12 12 12 13 13 18 18 18 18 
3 3 3 3 
1 3 3 3 3 3 3 3 3 3 3 
3 3 3 3 3 3 2 2 7 7 7 7 7 7 7 7 7 7 7 7 7 
1 7 7 7 7 7 
2 7 7 7 7 7 7 7 7 7 7 7 7 7 7 7 7 7 7 7 7 7 7 8 8 13 13 13 13 13 13 13 13 13 13 13 13 13 13 13 13 8 8 
1 8 8 8 8 8 8 8 8 8 8 8 
3 8 8 8 8 8 7 7 4 4 4 4 4 
1 3 3 3 3 3 3 3 
2 3 3 3 3 3 2 2 2 2 2 2 2 2 2 2 2 2 2 2 1 1 1 1 6 6 6 6 
3 4 4 4 4 8 
1 8 8 8 8 8 8 8 8 8 8 8 8 8 8 8 8 
3 8 8 8 8 8 8 8 
1 8 8 8 
2 8 7 7 7 12 12 12 12 12 13 13 13 13 13 
3 4 4 3 3 3 3 3 3 
1 3 3 3 3 
2 3 3 3 3 3 3 3 3 3 3 8 8 8 8 7 7 7 7 7 7 7 7 7 7 7 7 12 12 12 12 13 18 
4 18 
3 7 7 7 7 
1 7 7 7 7 7 7 7 
2 7 
1 7 7 
2 7 
1 7 7 
2 7 7 7 7 7 7 
1 7 7 7 7 7 7 12 12 
2 12 12 12 12 12 12 12 12 
1 12 12 12 12 12 12 12 12 
4 12 17 18 18 18 18 18 18 18 19 19 19 19 19 24 25 25 25 25 
3 25 4 4 4 
1 4 4 4 4 4 4 4 4 
3 4 4 4 4 4 4 3 3 3 3 3 3 3 2 2 2 2 
1 2 2 2 
2 2 7 
1 7 7 7 7 7 7 7 7 7 7 7 7 7 7 6 6 6 6 6 6 
2 6 6 6 6 6 6 
1 11 
3 12 12 12 7 7 7 7 
1 7 7 12 12 12 
3 12 12 12 12 12 3 3 
1 3 3 3 3 3 3 
2 3 3 3 2 2 2 2 
1 2 2 2 7 7 7 7 7 7 7 7 7 
2 7 13 
1 13 13 
3 6 
1 6 6 6 
3 6 6 6 6 6 6 
1 6 6 6 6 6 6 
3 6 6 6 6 6 6 6 6 6 6 6 6 6 6 6 11 3 3 3 3 
1 3 2 2 2 2 
2 2 2 2 2 2 2 2 2 2 2 2 2 7 6 6 6 6 6 6 6 6 6 6 6 6 
1 6 6 
3 6 6 6 6 6 11 11 11 11 6 6 6 
1 6 6 6 
2 6 6 6 
1 6 
3 11 11 11 11 11 11 12 12 12 12 12 12 12 12 12 12 12 12 6 6 
1 6 6 6 6 6 
3 6 12 12 12 13 13 
1 13 13 13 13 13 18 18 18 
3 3 3 
1 3 3 3 3 
2 3 3 3 3 3 3 3 2 2 2 7 7 7 7 7 7 7 7 7 7 8 8 8 13 13 13 13 13 13 
1 13 13 13 13 13 13 13 13 13 13 13 14 14 14 14 14 
4 14 14 19 19 19 19 19 19 19 19 19 19 19 
3 19 19 6 6 6 6 
1 6 6 6 6 6 6 6 6 6 
3 6 6 6 6 6 6 11 6 6 6 6 
1 6 6 6 
3 6 6 6 6 13 13 
1 13 
2 13 13 
1 13 13 
4 18 
3 7 6 6 
1 6 6 6 6 6 6 6 6 7 7 7 7 7 
3 12 
4 12 12 12 12 12 12 12 18 18 18 18 18 19 19 
3 19 19 20 20 20 8 8 
1 13 13 13 13 13 13 13 
2 13 13 13 13 
1 13 13 13 13 
3 13 13 13 14 14 14 14 13 13 13 13 13 13 13 13 13 13 13 13 13 13 13 13 13 13 8 4 4 4 
1 4 4 4 4 4 4 4 3 3 3 3 3 3 3 3 3 
3 3 3 8 8 8 8 3 3 3 3 3 
7 3 3 2 2 2 2 2 2 2 2 2 2 
3 2 7 7 7 6 6 
1 6 6 6 6 6 6 
3 6 12 12 12 
1 12 12 12 12 12 12 12 13 
3 12 12 12 12 12 
1 12 12 12 12 12 12 13 18 
4 18 
3 6 
1 6 6 6 6 
3 6 4 
1 4 4 4 4 
3 4 4 4 4 
1 4 4 4 3 3 3 
2 3 3 3 3 3 3 3 3 3 3 3 3 3 3 3 8 8 8 8 8 8 8 8 8 7 7 7 7 7 7 7 7 7 12 12 12 13 13 18 
4 18 18 18 18 23 
3 4 4 
1 4 4 4 4 4 4 4 
2 4 4 4 4 4 4 9 9 8 8 8 8 8 8 
1 8 8 8 8 8 13 13 13 13 13 13 13 13 13 13 
3 13 13 13 13 13 13 13 13 13 8 8 8 3 3 3 
1 3 3 3 3 3 3 
3 4 4 
1 3 3 3 
2 3 3 3 3 3 8 8 8 8 8 7 7 7 7 7 7 7 7 7 7 7 7 7 7 7 7 7 7 12 12 12 12 12 12 13 13 13 18 
4 18 18 18 18 19 19 19 19 19 19 19 19 19 19 19 19 
3 19 4 4 3 3 
1 3 
2 3 3 3 3 3 
1 3 3 3 3 2 2 
3 2 2 3 3 3 3 3 2 
1 2 2 2 2 2 2 
3 2 2 2 2 2 2 2 2 2 2 2 2 1 1 1 1 2 7 
1 7 7 7 7 7 7 7 
4 7 
3 3 8 8 8 8 8 8 8 8 7 7 7 8 13 
1 13 13 13 13 13 13 13 13 
4 18 18 18 
3 8 8 
1 8 8 8 13 13 13 13 13 13 13 8 8 8 8 8 8 8 8 
2 8 8 8 8 8 8 8 8 7 7 7 
1 7 7 7 7 7 7 7 7 7 
3 7 7 7 
1 7 7 7 7 7 7 7 7 7 7 7 7 7 7 7 
3 7 12 12 12 12 
1 12 12 12 12 12 12 12 12 7 
3 7 7 7 7 7 7 7 7 7 7 
1 7 7 12 
3 12 
1 12 
3 7 7 12 
1 12 12 
2 12 
1 12 18 
3 3 3 3 3 3 3 3 3 3 3 
1 6 6 6 6 6 6 
3 6 2 2 2 2 
1 2 1 1 
2 1 1 1 1 1 1 1 1 1 1 
1 1 1 
3 1 1 1 1 
1 6 6 6 
2 6 6 6 
1 6 
3 6 2 2 2 2 2 
1 2 2 2 2 
2 7 7 7 7 
1 7 7 7 7 7 7 13 13 13 13 13 13 13 13 13 13 13 8 8 8 8 8 8 8 8 
2 8 8 7 7 7 7 7 7 12 12 
1 12 12 12 12 12 12 
4 17 18 
3 4 4 4 4 4 4 4 4 4 4 4 4 
1 4 4 4 4 3 3 3 3 3 3 3 3 3 3 3 3 3 3 3 3 3 3 3 3 3 
3 2 2 2 2 2 2 2 2 
1 2 2 
3 2 2 1 1 1 1 1 6 6 
1 2 2 6 6 6 6 6 6 6 6 
2 6 6 6 6 6 
1 6 6 6 
3 6 6 6 6 6 6 6 6 
1 12 12 12 12 12 12 12 12 12 12 12 12 12 12 12 12 12 12 
3 4 4 4 4 4 4 4 9 9 
1 9 9 9 9 9 9 9 9 14 
3 4 4 
1 4 4 4 4 4 3 3 
3 3 3 
1 3 3 3 3 3 2 2 
3 7 7 7 7 
1 7 7 12 12 12 12 12 
3 4 4 3 3 3 
1 3 3 3 3 3 3 8 8 8 8 8 8 8 8 8 
3 8 8 8 13 13 3 3 
1 3 2 2 2 
3 9 9 9 
1 9 14 14 14 
2 14 14 14 14 14 14 14 14 14 14 14 14 14 14 
1 14 14 14 
4 14 14 14 19 19 
3 7 7 
1 7 12 12 
2 12 12 18 18 
3 7 7 7 7 7 
1 7 7 7 7 
2 7 7 12 12 
1 12 12 12 
2 12 12 12 12 12 12 12 12 12 12 12 12 12 12 12 12 12 12 
1 12 12 12 12 
3 12 12 12 12 7 7 7 7 7 7 7 7 7 7 7 7 12 12 
1 12 12 12 12 12 13 13 
4 18 18 18 18 18 18 18 23 23 18 
1 14 14 14 14 14 14 
2 14 
1 14 14 14 14 
3 15 15 3 3 3 3 3 3 3 3 3 3 3 3 3 3 3 
1 3 3 3 2 2 2 2 2 
2 2 2 2 2 2 2 2 2 7 7 7 7 7 7 7 7 7 7 7 12 12 12 12 17 17 
1 18 
4 18 18 
3 4 4 4 4 4 4 4 4 4 4 4 4 4 
1 4 4 4 9 9 9 8 
3 8 8 8 8 8 8 8 8 8 8 8 8 8 8 8 8 8 8 8 8 8 
1 8 8 8 8 8 8 8 8 8 8 8 8 8 8 
2 8 8 13 13 13 13 
3 6 6 6 6 6 6 6 
1 6 6 
2 6 6 
3 6 4 4 4 4 
1 4 4 4 4 4 4 9 9 8 8 8 8 8 8 
2 8 8 8 8 8 8 8 8 13 13 13 13 13 13 13 
4 18 18 19 
3 6 
1 6 6 6 6 6 6 6 
3 6 6 11 2 2 2 2 2 2 2 2 
1 2 2 2 2 7 7 7 7 7 7 7 7 7 7 7 7 7 6 6 1 1 1 1 1 1 1 1 1 1 1 8 8 8 8 8 8 8 8 8 8 8 8 13 13 
2 13 13 13 13 13 13 13 13 13 13 13 14 14 14 14 14 9 9 9 8 
1 8 8 8 
3 8 8 8 8 8 14 14 
1 14 14 14 
4 14 
3 7 7 7 
1 7 7 7 7 
2 7 7 7 7 12 12 12 12 12 
1 12 17 17 
4 17 18 18 18 
3 18 18 
4 18 19 19 19 19 19 
3 14 14 14 14 14 14 14 14 14 14 14 14 14 14 14 14 15 15 15 15 15 7 7 7 
1 7 7 7 7 7 
3 12 12 12 6 6 6 6 
1 6 6 
3 6 11 11 11 11 11 11 12 8 8 
1 8 8 8 8 8 8 8 8 
2 8 8 8 13 13 13 13 13 13 13 13 13 
1 14 14 
4 14 14 19 19 
3 8 8 7 
1 7 7 7 7 7 7 
3 7 7 7 7 7 7 
1 7 7 7 7 
2 7 8 8 8 8 
1 8 
3 7 7 7 7 7 
1 7 12 12 12 12 12 
3 12 12 12 12 
4 12 13 13 13 13 13 
3 7 7 7 7 7 7 
1 7 7 7 7 7 7 7 7 
2 7 7 
1 12 12 
3 12 4 4 
1 4 4 
3 3 3 3 3 3 3 3 3 3 3 3 3 3 3 3 3 3 3 3 3 3 2 2 2 2 6 6 6 
1 6 6 6 
2 6 6 6 
1 6 6 
3 6 11 11 2 2 2 2 
1 2 7 7 7 7 7 7 
2 7 7 7 7 7 7 7 7 7 7 12 12 12 12 12 12 
4 18 18 
3 4 4 4 4 4 4 4 4 
1 4 4 3 3 3 3 3 3 3 3 3 3 3 3 3 3 3 3 
3 7 7 7 7 
1 7 
3 7 7 7 12 12 
1 12 12 12 
4 12 13 13 13 13 18 
3 4 
1 4 4 4 4 4 4 4 4 4 4 4 4 4 4 4 
3 4 4 3 3 3 3 3 3 3 3 3 3 3 3 3 3 3 3 3 3 2 7 7 7 
1 7 7 7 7 7 7 7 7 7 7 7 7 7 7 7 7 7 12 12 12 12 12 12 13 13 13 13 
4 18 18 18 18 19 
3 4 4 
1 4 4 4 4 
2 4 4 4 4 4 4 3 3 8 8 8 8 8 8 
1 8 8 8 8 8 8 8 8 8 
3 8 8 8 8 8 8 8 8 8 8 8 13 13 13 13 13 3 3 
1 3 8 8 8 8 
3 4 4 4 3 3 3 3 
1 3 3 3 3 3 3 3 3 3 3 8 8 8 8 8 8 8 8 8 8 8 
3 8 12 7 7 7 7 7 7 7 7 
1 7 7 7 7 7 7 7 7 12 12 
3 12 12 2 2 2 2 2 2 2 2 2 
1 2 2 2 2 2 2 2 2 2 2 2 7 7 7 7 7 7 7 7 7 7 7 7 7 7 7 7 7 
2 7 12 12 12 
1 12 12 7 7 7 7 
3 7 7 7 7 7 7 12 7 7 7 
1 7 7 7 7 7 7 7 7 
3 7 7 7 
1 7 7 7 
2 7 6 6 6 6 6 6 6 7 7 7 7 7 7 6 6 6 
1 6 6 
3 11 11 11 11 11 11 6 6 
1 6 6 6 6 6 6 
3 6 6 6 2 2 2 2 2 2 
1 2 2 2 2 2 2 2 2 2 
2 2 2 1 1 1 1 1 1 1 1 
1 1 
3 4 4 4 3 3 3 
7 3 3 
3 3 
1 3 3 3 
3 2 2 2 2 
1 2 2 1 1 6 6 6 6 6 
2 6 6 6 
1 6 6 
3 6 6 6 6 3 8 
1 7 7 7 7 7 7 
3 7 7 7 7 7 7 7 7 7 7 7 7 7 7 7 7 7 7 7 
1 7 7 
2 12 12 12 12 
4 18 
3 18 13 13 13 
1 13 13 13 13 14 
3 4 4 
1 4 4 4 4 4 4 4 
2 4 4 4 3 3 3 3 3 3 3 3 3 
1 8 8 8 8 
2 8 8 8 8 8 8 13 13 13 13 13 13 13 13 13 13 13 
1 13 13 13 13 13 13 13 13 13 13 13 13 13 13 13 13 13 13 
2 13 13 13 13 13 13 13 13 13 13 13 13 13 13 13 13 18 18 
1 18 
4 19 24 24 24 24 
3 24 29 9 9 8 8 8 8 8 8 8 8 
1 8 8 8 13 13 
3 3 3 3 
1 3 3 3 3 3 3 3 3 3 
3 3 3 3 3 3 3 2 2 2 2 2 2 7 7 7 7 7 7 7 7 6 6 6 
1 6 6 6 6 6 6 
3 6 6 6 
1 6 6 6 6 6 
2 6 6 
1 6 6 6 6 6 6 6 6 6 6 6 
3 7 
1 7 7 7 7 12 12 12 12 
2 13 13 18 18 
4 18 19 19 19 19 19 20 20 20 
3 7 7 7 7 7 
1 7 7 7 
2 7 7 12 12 12 12 12 12 12 12 
1 12 18 18 
3 7 7 12 12 12 12 12 12 12 
1 12 12 7 7 7 7 7 7 
3 7 7 7 7 7 6 2 
1 2 2 2 2 2 2 7 7 7 7 7 7 7 7 7 7 7 7 7 7 7 7 7 7 7 7 7 7 7 7 7 6 6 
3 6 6 6 6 6 6 11 11 11 11 11 11 11 11 12 12 12 3 3 3 
1 3 3 3 3 3 3 
2 3 3 3 3 3 3 3 3 8 8 8 8 8 8 8 8 8 8 8 8 8 13 13 13 13 13 13 13 13 
1 13 18 
3 2 2 
1 2 2 7 7 7 7 6 6 6 6 6 
3 6 11 11 11 11 11 12 12 12 7 7 7 7 7 7 7 7 7 
1 7 7 7 7 7 7 7 12 12 12 12 12 12 12 12 12 7 7 7 12 7 7 
2 12 12 12 12 12 12 12 12 12 13 13 13 18 18 
1 19 
4 19 
3 2 2 2 2 2 
1 2 2 
3 2 2 2 2 
7 2 2 2 2 2 2 2 1 
1 1 1 1 1 1 2 2 
3 1 1 1 1 2 2 7 7 7 7 7 
1 7 7 7 7 7 7 7 
2 7 7 7 7 7 7 7 7 12 12 12 12 12 12 12 12 12 12 12 12 12 12 12 12 12 13 13 13 
1 13 13 13 13 13 13 
4 13 13 13 13 13 13 
3 13 13 13 3 
1 3 3 3 3 3 3 3 3 3 3 3 3 3 8 8 8 
3 6 6 6 6 6 6 
1 6 6 6 6 
3 6 6 6 4 4 4 4 4 4 
1 4 4 4 4 4 3 3 3 3 3 3 3 3 3 3 3 
2 3 3 3 2 2 2 7 7 7 7 7 7 7 7 7 7 7 7 12 12 12 12 
1 12 12 
2 12 17 
4 18 18 18 18 
3 3 3 3 3 3 3 3 3 3 3 3 8 7 7 7 7 7 7 7 7 7 7 7 12 
1 12 12 12 12 
2 13 13 18 
3 6 
1 6 6 
3 6 6 6 6 6 6 6 6 6 6 6 6 6 6 6 6 3 3 3 3 
1 3 2 2 2 2 7 7 7 7 7 7 
2 7 7 7 7 7 7 12 12 12 
1 12 13 13 13 13 13 13 
3 13 14 14 14 
1 7 7 7 7 7 7 7 7 7 7 
3 8 8 
1 13 13 13 13 13 13 13 13 13 13 13 13 13 13 13 13 13 13 13 13 13 
2 13 13 13 13 13 13 18 18 19 
4 19 19 
3 4 4 4 4 3 3 
1 3 3 3 3 
2 3 3 3 3 3 2 2 2 2 2 2 2 2 2 2 7 7 7 7 6 6 6 6 6 6 6 6 6 6 6 6 6 
1 6 6 
3 6 4 4 4 4 
1 4 4 4 3 
2 3 3 3 3 3 3 3 3 3 3 3 3 3 3 3 3 8 8 8 8 8 8 8 8 8 8 8 7 7 7 7 7 7 12 12 13 13 13 
1 13 18 
3 2 2 
1 2 2 2 1 1 1 1 
3 1 1 1 
1 1 
3 1 3 3 3 3 3 3 3 8 
1 8 8 8 8 8 8 8 8 
2 8 9 
1 9 9 14 13 13 13 
2 8 8 8 8 8 8 8 8 8 8 8 8 8 8 8 8 8 13 13 13 13 13 
1 13 13 18 
4 18 18 23 24 24 24 24 24 
3 12 
1 12 12 12 12 12 12 12 12 12 12 12 12 12 12 12 
3 3 
1 3 3 3 3 3 3 3 3 3 8 8 7 7 7 7 7 7 7 7 7 7 7 7 7 
2 7 7 7 7 7 7 7 7 7 7 
1 7 7 7 7 7 7 7 7 7 7 7 7 7 7 7 7 12 12 12 12 12 12 12 13 13 13 13 13 13 18 
3 14 14 14 
1 14 14 14 14 14 
3 14 14 14 14 14 14 14 14 14 14 14 14 14 14 14 14 
1 14 14 14 14 14 14 14 
3 14 14 14 14 14 14 14 14 14 14 14 14 4 
1 3 3 3 3 3 8 8 8 8 8 8 
2 8 8 8 8 8 8 7 7 7 7 7 7 7 7 7 7 7 7 7 7 7 7 7 12 12 12 12 13 13 13 13 13 18 18 
4 18 19 
3 7 7 7 7 12 
4 12 12 12 12 
1 12 12 7 7 7 7 7 7 8 8 8 8 8 8 8 13 
4 13 8 8 8 8 
3 8 8 8 
4 13 14 14 14 14 
3 6 6 
1 6 6 6 6 6 6 6 6 6 6 
3 4 4 4 4 4 4 
1 4 4 4 4 4 4 
2 3 3 3 8 8 8 8 
1 8 8 8 8 
2 8 8 8 8 8 8 8 8 13 13 13 13 13 13 13 13 13 13 13 13 13 13 13 13 13 13 
1 13 13 18 18 18 
3 7 7 
1 12 
2 12 12 12 18 
4 18 18 
3 3 
1 3 3 3 2 2 2 7 7 7 7 
3 7 7 7 7 7 7 7 7 7 7 7 6 6 6 6 6 
1 6 6 6 6 6 6 6 6 6 6 6 6 6 6 6 
3 6 6 1 1 1 1 1 1 1 6 6 6 6 6 6 6 7 7 7 7 7 7 
1 12 12 12 12 12 12 12 12 12 12 12 13 13 13 13 13 13 
3 8 8 8 
1 8 8 8 8 8 8 8 8 8 8 7 7 7 7 7 7 7 7 
3 7 12 12 12 4 3 3 3 
1 3 3 3 3 3 
2 3 3 3 3 3 3 3 8 8 8 8 8 8 8 7 7 7 7 7 7 7 7 7 13 13 13 13 13 13 13 18 18 18 18 
1 18 
3 2 2 2 2 2 2 2 2 2 2 
1 2 2 1 6 6 6 6 6 6 6 6 7 7 7 7 7 7 12 
4 12 13 13 13 13 18 18 18 
3 4 4 4 4 4 4 4 4 4 4 
1 4 4 4 4 3 
2 3 3 3 3 3 3 3 3 3 3 3 3 3 3 3 3 8 8 8 7 7 7 7 7 7 7 7 7 7 7 7 7 7 12 12 12 12 12 12 12 12 12 
1 12 
4 12 12 12 13 13 13 13 13 13 13 13 18 18 18 
3 7 7 7 7 
1 7 7 7 7 7 7 7 7 7 7 7 7 12 12 12 12 12 12 
3 12 12 7 7 7 
1 7 7 7 7 7 7 7 
3 7 7 12 12 12 12 
1 2 2 
2 2 2 2 2 2 2 
1 2 2 2 2 2 2 
3 2 2 2 2 2 2 2 
1 2 2 2 2 2 
2 2 2 6 6 6 6 6 1 1 
1 1 6 6 6 6 6 6 6 
2 6 6 6 6 6 6 6 6 6 6 6 
1 6 6 6 6 6 6 6 
3 6 6 6 6 6 6 6 6 3 3 3 3 3 
1 3 3 3 3 2 2 2 2 2 2 2 2 2 2 
7 2 2 
3 2 2 
1 2 2 2 2 2 2 2 2 2 2 2 2 
2 7 7 7 7 7 7 6 6 6 6 6 6 6 
1 6 6 
3 11 12 12 12 12 12 12 12 
1 12 12 17 17 
3 18 7 7 7 7 7 12 
1 12 12 12 12 12 12 12 12 12 12 12 12 12 12 12 12 
4 12 12 17 17 17 17 
1 7 7 7 7 12 12 12 12 12 
3 12 12 12 12 12 12 12 12 
1 12 12 12 12 12 12 
2 12 12 12 12 12 
1 12 13 13 13 13 13 3 3 3 3 2 2 2 2 
3 2 2 6 
1 6 7 7 7 
3 7 7 7 7 7 
1 7 7 7 7 12 12 12 12 12 12 12 
3 1 1 6 6 
1 6 6 6 6 6 
2 6 6 6 6 6 6 6 6 6 6 
1 6 6 
3 6 6 6 6 3 3 3 
1 3 3 3 3 3 3 3 2 2 7 7 7 7 7 7 7 7 7 
3 7 12 4 4 4 4 4 4 4 
1 4 4 9 8 8 8 8 8 8 8 8 
2 8 8 8 8 8 13 13 13 13 13 13 13 13 13 13 19 19 19 
3 2 2 
1 1 6 6 6 
2 6 6 6 
1 6 7 7 
3 7 
4 12 12 12 12 12 12 12 12 12 12 17 18 18 18 18 23 23 23 23 
3 8 8 8 8 8 8 8 13 
1 13 13 13 13 13 
4 14 14 
3 3 3 3 
1 3 3 3 3 3 
2 3 3 3 3 3 3 3 
1 8 8 8 8 8 8 8 8 8 8 8 8 8 8 8 8 8 8 
2 8 13 13 13 
1 13 13 13 14 14 
3 14 14 2 2 2 2 2 2 2 2 2 
1 2 2 
2 2 2 
1 2 2 2 2 7 
3 2 2 2 2 7 7 7 7 7 7 7 7 7 7 7 12 12 12 12 12 3 3 3 3 3 3 3 3 
1 3 3 3 
3 7 7 7 7 7 7 7 7 7 
1 7 7 
2 12 12 12 12 12 12 
4 17 
3 7 7 7 7 
1 7 7 7 7 7 12 12 12 12 12 12 
3 1 6 6 6 6 
1 6 6 6 6 6 6 6 
3 6 11 11 11 12 12 12 7 7 7 7 7 7 7 7 7 
1 12 12 12 12 
2 12 12 12 12 12 
4 12 
3 4 3 3 3 
1 3 3 
3 3 4 4 
1 4 4 4 4 4 4 9 9 9 
3 9 4 4 4 
1 4 3 3 3 3 3 
2 3 3 3 3 3 3 3 3 3 3 3 3 3 8 8 8 7 7 7 7 7 7 7 7 7 7 7 7 12 12 12 13 13 13 13 13 18 18 18 
4 19 19 19 24 
3 1 1 1 1 1 1 1 6 6 6 6 
1 6 6 6 6 6 6 6 7 
4 12 
3 12 12 12 12 12 12 12 12 6 6 6 6 6 
1 6 6 6 6 6 6 6 
3 13 13 13 
1 13 13 13 13 13 
3 4 4 4 4 4 4 4 
1 4 4 4 4 4 4 4 4 4 4 4 4 4 4 3 3 3 3 3 3 3 3 3 3 3 3 3 3 3 3 
3 3 3 8 8 8 8 8 8 8 8 13 8 8 8 8 8 
1 7 7 7 7 7 7 7 7 7 
2 7 12 12 13 13 13 13 13 13 13 13 13 13 13 13 13 13 13 13 13 13 13 13 13 13 13 
1 13 13 13 13 13 13 13 13 13 13 
4 13 13 13 
3 3 3 
1 3 3 3 3 3 3 3 3 3 3 2 2 2 2 2 2 2 2 
3 2 2 2 
1 2 2 2 
3 2 1 6 6 
1 6 6 6 6 6 6 6 6 
2 6 6 
1 6 
3 6 6 11 11 4 
1 4 4 4 4 4 
2 3 3 3 3 3 3 3 3 3 8 8 8 8 8 8 8 8 8 8 8 8 8 8 8 7 7 7 7 7 7 7 7 7 7 7 7 7 7 7 7 7 7 7 12 12 12 12 
1 12 
4 12 
3 12 3 3 
1 3 3 3 3 3 8 8 8 8 8 8 8 8 7 7 7 7 
3 8 8 8 8 8 8 8 8 8 
1 8 8 8 8 8 
2 8 8 8 8 13 13 13 13 13 13 13 13 14 
1 19 19 
4 19 
3 3 3 3 3 
1 3 3 3 2 
3 7 7 7 7 7 7 7 7 
1 12 12 12 12 
4 12 
3 14 14 14 14 14 14 14 14 14 14 14 14 14 14 14 
1 14 14 14 14 9 
2 9 9 9 9 9 9 9 9 9 9 8 8 8 13 13 13 13 13 13 13 14 19 19 19 
3 2 2 2 
1 2 2 2 2 
2 2 2 2 2 2 2 7 8 8 8 8 8 
1 8 13 13 13 
3 13 13 13 13 13 13 13 13 3 3 3 3 
1 3 3 3 3 
3 3 3 3 8 8 8 8 8 8 8 8 8 8 8 8 8 7 
1 7 7 7 7 7 7 12 12 13 13 13 13 
3 13 13 1 1 1 1 6 6 
1 6 6 6 6 6 6 6 
3 6 6 11 11 11 11 11 11 8 8 8 8 8 8 8 8 8 8 8 
1 8 8 8 7 7 
2 7 
1 7 7 7 
2 7 7 7 7 7 7 7 7 7 7 7 7 12 12 12 12 12 12 12 12 12 12 12 12 12 13 13 13 
1 13 13 13 13 
3 13 13 13 13 13 13 13 
4 13 13 13 13 
1 13 13 13 13 13 13 13 13 8 8 8 8 8 8 8 8 
2 8 8 9 9 
1 14 14 14 14 14 14 
4 14 14 14 14 14 13 13 13 13 13 13 13 13 
1 13 13 13 13 13 13 13 13 13 18 18 18 
4 18 18 18 23 23 23 23 19 
3 7 7 7 7 7 12 12 12 
1 12 12 12 12 12 12 12 12 12 12 12 12 12 12 12 12 12 12 13 13 13 18 
3 4 4 4 4 4 4 4 4 4 4 3 3 3 3 3 3 
1 3 3 3 3 3 3 
2 3 3 3 8 8 8 8 7 7 7 7 7 7 7 7 7 7 7 7 7 7 7 7 7 7 7 7 7 7 7 7 7 7 
1 7 7 7 7 7 7 7 12 12 12 12 12 12 
4 12 12 12 17 18 18 
3 4 4 4 4 
1 4 4 4 4 4 3 
2 3 3 3 3 3 3 3 3 3 3 3 2 2 2 7 7 7 7 7 7 7 7 7 7 7 7 7 7 7 7 7 7 7 7 7 12 12 12 12 12 12 12 13 13 13 13 13 18 18 18 19 19 24 24 25 25 
4 25 25 
3 7 7 7 7 7 8 
1 8 13 
2 13 
1 13 13 13 
3 3 3 3 
1 3 3 2 7 7 7 7 7 7 7 7 7 
3 3 
1 2 2 2 2 2 2 2 2 2 
3 4 4 4 
1 4 4 4 4 3 3 
2 3 3 3 3 3 3 3 3 8 8 8 8 8 8 8 8 8 8 7 7 8 8 13 13 13 13 13 13 
1 13 13 13 13 
4 14 14 19 19 19 19 19 19 19 
3 3 
1 3 3 3 3 
2 3 3 3 2 2 2 2 2 2 2 2 7 7 7 7 7 7 7 7 7 7 7 7 12 12 12 12 12 12 12 13 
1 13 13 
4 13 13 13 13 13 13 
3 13 13 13 13 13 13 13 8 8 8 8 8 8 8 8 13 13 13 13 13 13 13 13 13 13 13 13 13 13 13 13 13 6 6 6 6 6 6 6 6 
1 6 6 
3 6 6 6 6 11 11 11 11 11 11 4 
1 3 3 3 3 3 
2 3 3 
1 3 3 3 3 3 3 3 3 3 
3 3 4 4 4 4 4 
1 4 4 4 4 4 4 9 9 9 9 9 8 8 8 
3 8 4 4 4 4 4 
1 4 3 3 3 3 3 3 
2 3 3 3 
1 3 3 3 3 3 2 2 2 2 2 2 2 2 2 2 2 2 2 7 
3 7 7 7 7 7 7 7 7 7 
1 7 7 7 7 7 7 
2 7 7 7 7 7 6 6 6 6 6 6 6 11 
1 11 11 12 12 
3 12 8 
1 8 8 8 8 8 8 
2 8 8 8 8 8 13 13 13 
1 13 13 13 13 
3 4 4 4 
1 4 4 4 4 4 
2 4 4 4 4 4 4 4 4 4 4 4 4 4 4 4 4 4 3 3 3 3 3 3 3 8 8 8 8 8 8 8 8 8 8 8 8 13 13 13 13 13 13 13 13 13 13 13 18 18 
1 18 19 19 
3 3 3 2 2 2 2 2 
1 2 2 2 
2 2 2 2 2 2 2 2 2 2 1 1 
1 1 1 1 1 6 6 6 6 6 6 6 6 6 6 6 6 6 6 6 
2 6 6 6 6 
1 6 6 
3 11 11 11 11 7 7 7 7 7 7 7 
1 7 7 12 12 12 12 12 12 
3 4 4 
1 4 4 4 3 3 
2 3 3 3 3 3 3 3 3 3 3 3 3 3 3 3 3 8 8 8 8 8 8 8 8 8 8 8 13 13 13 13 13 13 13 18 19 
3 4 4 
1 4 4 4 4 4 
2 3 3 3 3 3 3 3 3 3 3 3 3 3 8 8 8 8 8 8 8 8 8 13 13 13 13 13 18 
4 18 18 19 19 24 24 25 25 25 25 25 26 
3 2 
1 2 7 7 7 7 7 7 7 7 7 7 7 7 7 7 
3 7 7 7 7 7 7 7 7 7 12 12 12 12 12 12 12 12 12 7 7 7 7 
1 7 12 12 12 12 12 12 12 12 13 
4 18 
3 1 1 1 6 6 6 6 
1 6 6 7 7 
3 7 
4 7 12 12 12 12 12 12 12 12 
3 17 8 8 8 8 
1 8 8 13 13 13 13 14 14 14 14 
3 14 14 4 
1 4 4 4 4 
2 4 4 4 4 4 4 4 4 4 4 4 
1 4 4 4 4 
3 4 4 4 4 4 4 3 3 3 3 3 8 8 8 8 8 8 8 8 8 7 7 7 7 7 7 7 3 3 3 3 2 
7 2 2 2 2 2 2 2 2 2 2 2 2 2 2 7 
3 7 7 6 6 
1 6 6 6 6 6 6 6 6 6 6 6 6 6 
3 7 7 12 12 12 7 7 7 
1 7 12 12 12 12 12 12 12 12 
3 12 
1 12 13 
3 9 14 14 14 14 14 14 14 
1 14 14 14 14 14 
3 2 2 2 
1 2 2 2 2 2 2 2 2 
2 2 2 2 2 
1 1 
3 1 1 1 1 1 1 1 6 6 6 6 
1 6 6 6 6 6 6 6 6 
2 6 6 6 6 6 6 6 6 6 6 6 
1 11 
3 11 
4 12 12 12 12 
3 4 4 
1 4 4 4 3 3 3 
2 3 3 3 3 3 3 3 3 3 3 3 8 8 7 7 7 7 7 7 7 12 12 12 12 12 12 17 18 
1 18 
4 18 18 19 19 19 19 
3 6 
1 6 6 6 6 6 6 6 6 6 6 
3 6 6 11 2 7 7 7 7 
1 7 7 
3 7 7 7 7 7 7 7 7 7 6 6 6 6 6 3 3 3 3 3 3 3 
7 3 3 
1 3 2 2 2 2 2 2 2 2 2 2 2 2 2 1 1 1 1 1 1 
3 1 1 2 2 2 
1 2 2 2 2 2 2 2 2 
2 2 2 2 2 2 2 2 2 1 1 1 
1 1 
3 1 1 3 3 3 3 3 3 3 3 
1 3 3 3 3 2 7 7 7 7 7 7 7 
2 7 8 8 8 8 8 8 8 8 8 13 13 13 13 13 13 13 13 13 13 13 13 13 13 13 13 13 13 13 14 14 14 14 14 14 14 14 14 14 14 
4 14 
3 7 7 
1 7 7 7 7 7 
3 7 7 7 7 6 6 6 6 
1 6 6 6 6 
2 6 6 
1 6 
3 6 4 4 4 4 3 3 3 
1 3 3 3 3 3 3 3 
2 3 3 3 3 3 8 8 8 8 8 8 8 8 8 8 8 8 8 13 13 13 13 13 13 14 
1 14 14 19 19 
4 19 19 19 15 
3 4 4 4 4 4 4 
1 4 4 4 3 3 3 3 3 3 3 
2 3 3 3 8 8 8 8 8 8 8 8 8 8 8 8 8 8 8 8 8 8 8 8 13 13 13 13 13 13 13 13 13 13 
4 14 14 14 19 19 19 19 19 19 19 19 20 
3 3 3 3 3 3 3 3 3 3 3 2 2 2 2 2 2 2 2 2 2 2 
1 2 2 2 2 2 2 2 
2 2 2 2 
1 2 2 
3 1 1 
1 1 
3 4 4 4 
1 4 3 3 3 3 3 3 3 3 
2 3 8 8 8 8 8 8 7 7 7 7 7 7 7 7 7 7 7 12 12 12 12 12 12 12 12 12 12 12 12 12 12 12 12 12 12 12 
1 12 12 12 12 12 12 12 13 18 18 
4 18 18 19 19 24 24 24 24 25 
3 6 
1 6 6 6 
2 6 6 
1 6 
3 6 11 3 3 
1 3 3 3 
2 3 3 3 3 3 3 3 3 3 
1 3 3 3 3 
3 3 3 3 2 2 2 2 2 6 6 
1 6 6 6 6 6 6 6 6 6 
3 12 12 
1 13 13 13 13 8 8 
2 8 8 8 8 8 13 13 13 13 13 
1 14 
4 14 14 14 19 19 20 
3 7 7 7 7 7 7 
1 7 7 7 7 7 12 12 
3 12 8 
4 8 8 8 8 8 8 8 8 8 8 8 8 8 
1 8 8 8 8 8 8 8 8 8 8 8 8 
3 8 8 8 8 8 8 8 8 8 8 8 8 3 3 3 3 3 3 3 3 3 3 3 3 3 
1 8 8 7 7 7 7 7 
3 7 7 7 7 7 4 4 4 4 4 
1 4 4 4 4 4 4 8 8 8 8 8 8 8 
3 8 8 8 8 8 8 8 4 4 4 4 4 4 
1 4 4 4 4 4 3 3 3 3 3 3 3 
2 8 8 8 8 8 8 8 8 13 13 13 13 13 13 13 13 13 13 13 13 13 13 13 13 13 13 13 13 13 13 13 13 13 13 13 14 14 14 14 14 14 14 
1 14 
3 14 8 8 8 8 8 8 
1 8 8 8 9 9 14 14 14 14 
4 14 14 14 14 14 14 14 14 
3 14 14 14 14 14 14 14 14 14 14 14 14 14 3 3 
1 3 3 3 8 8 8 8 8 8 8 8 8 
2 8 8 8 8 8 8 8 8 
1 8 14 14 14 14 14 14 14 14 14 14 14 14 14 14 14 14 14 14 14 14 14 14 14 14 14 14 14 14 14 14 14 14 
8 14 9 
1 9 9 9 9 9 9 14 14 9 9 9 9 9 9 9 9 9 9 9 9 
2 9 9 9 
1 9 
2 14 13 13 13 13 13 13 13 
1 13 13 13 13 13 13 13 13 13 13 13 14 14 14 14 14 14 14 14 14 14 14 14 
3 4 4 4 4 
1 4 4 4 4 4 
3 3 3 3 3 3 
1 3 3 3 3 3 3 3 
2 3 3 3 3 3 3 7 7 7 7 7 7 7 7 7 7 7 7 7 7 7 12 12 12 12 
4 17 17 17 17 18 18 18 18 18 18 18 18 19 19 19 19 
3 6 7 
1 7 7 12 12 12 12 12 12 18 
3 7 
1 7 7 7 7 7 12 12 12 12 12 12 
2 12 12 12 18 
4 18 18 18 18 18 18 23 23 
3 23 23 2 
1 2 2 2 
2 2 2 1 1 6 6 6 6 6 6 
1 7 7 7 
3 7 7 7 7 7 7 
1 7 6 6 6 
2 6 6 6 6 6 6 6 6 6 6 6 6 6 6 6 
1 6 
4 6 6 6 6 7 
3 4 4 4 
1 4 4 3 3 3 3 3 3 3 3 3 3 3 
3 3 3 
1 3 3 
3 3 3 
1 3 3 3 3 3 3 3 8 8 8 8 8 8 8 8 8 8 8 8 8 13 13 13 13 13 13 13 13 
2 13 13 
1 14 14 
3 3 3 3 2 2 
1 2 2 2 2 
2 2 2 2 2 2 2 1 1 1 1 
1 1 1 6 6 6 6 6 6 6 6 
2 6 6 6 6 6 6 6 6 6 6 6 6 6 
1 6 
3 6 6 6 6 6 7 7 7 7 7 7 7 
1 12 12 
2 12 12 12 12 12 12 12 12 13 13 13 13 13 13 13 13 13 
1 13 
3 4 4 
1 4 4 4 4 4 3 3 3 
2 3 3 3 3 3 3 3 3 3 3 2 2 2 2 2 2 2 2 2 2 2 2 2 2 2 2 2 2 2 2 2 2 7 7 7 6 6 6 6 6 6 6 6 6 6 6 
1 11 
3 11 11 12 12 12 12 12 12 
4 12 12 12 12 7 7 
3 7 7 7 7 7 7 7 6 6 6 
1 6 6 6 6 
3 6 
1 9 9 9 8 8 8 8 3 8 8 8 
3 8 8 9 8 8 8 8 
1 8 8 8 8 8 8 8 
2 8 8 8 8 13 13 13 13 13 13 13 13 
1 13 13 13 13 13 13 13 13 
3 13 13 13 3 3 3 3 3 
1 3 
2 3 3 3 3 3 3 3 
1 3 3 3 3 3 3 3 
3 2 2 2 2 2 2 12 
1 12 12 12 13 
4 13 18 18 18 18 24 24 24 24 24 24 24 24 24 24 25 25 
3 7 7 7 
1 12 12 12 12 12 
3 2 2 2 2 2 2 2 2 
1 2 7 7 7 
2 7 7 7 7 7 7 7 7 7 7 7 7 7 7 12 12 12 12 12 12 
4 12 
3 2 2 2 2 2 
1 2 2 2 2 2 7 7 7 
2 7 7 
1 7 7 7 
4 7 
3 4 4 4 4 4 4 
1 4 4 4 4 4 4 4 
2 3 3 3 3 3 3 3 3 3 3 3 3 3 3 3 3 3 3 3 3 3 3 2 2 2 2 2 2 7 7 7 7 7 7 7 7 7 7 7 7 12 12 12 12 12 13 18 
4 18 18 23 23 23 
3 7 7 7 7 
1 7 7 7 7 8 8 8 8 8 8 8 
3 4 4 4 4 
1 4 4 4 4 
3 4 4 4 4 4 3 3 3 3 3 3 3 8 8 8 8 8 8 8 8 8 8 4 4 4 4 
1 4 4 4 4 3 
2 3 3 3 3 3 3 3 3 3 3 3 3 3 3 2 2 2 2 2 2 2 2 2 2 7 7 7 7 7 7 7 7 7 7 7 6 6 6 6 6 6 6 6 6 6 
1 6 6 
3 6 6 6 6 6 7 7 6 6 6 6 6 6 6 6 
1 6 6 6 6 6 7 
4 7 12 12 12 12 12 17 17 18 18 18 18 18 19 19 19 19 19 19 19 19 19 19 24 24 24 24 24 24 24 24 
3 13 
1 13 13 13 13 13 13 
3 4 4 4 4 4 4 4 4 4 4 3 3 3 3 3 3 
1 3 3 3 3 3 3 
2 3 3 3 3 3 3 8 
1 8 7 7 
2 7 7 7 7 7 7 7 7 7 7 7 7 7 7 7 7 7 7 7 7 7 12 12 12 
1 12 
3 12 12 12 12 12 12 12 12 17 17 17 17 17 6 
1 6 6 6 6 6 6 6 
2 6 6 6 6 
1 7 
4 12 12 12 12 12 12 12 12 18 18 18 18 18 18 18 18 18 19 19 
3 1 1 1 1 1 1 1 6 6 6 
1 6 6 6 6 
2 6 6 6 6 6 6 6 6 6 6 6 
1 6 6 6 6 6 6 
3 6 6 6 6 6 6 6 6 1 1 4 4 
1 4 4 4 4 9 
3 9 9 9 9 9 9 4 4 4 4 4 9 9 9 
1 9 9 8 
2 8 8 8 8 8 8 8 8 8 8 8 8 8 8 
1 8 8 8 8 
2 8 13 13 13 13 13 13 13 13 13 13 13 14 14 
3 12 12 12 12 
1 12 12 12 12 12 12 
3 13 13 13 2 2 1 6 6 6 
1 6 6 6 6 6 6 6 6 
3 6 7 11 11 4 4 4 4 4 4 4 4 
1 4 4 4 4 3 3 3 8 8 8 8 8 8 8 8 8 8 8 
3 8 8 8 8 1 6 
1 6 6 6 6 6 6 6 6 6 6 6 
2 6 6 
1 6 
3 11 6 6 6 
1 6 6 6 6 6 6 6 6 
3 6 
4 7 
1 7 7 12 12 12 12 
3 3 
1 3 3 3 3 3 3 8 8 8 
2 8 8 8 8 8 8 8 7 7 7 7 7 7 7 7 7 7 7 7 7 7 7 7 7 7 7 7 6 6 6 6 6 6 6 6 6 6 6 6 6 
1 6 11 11 
4 11 11 12 17 
3 3 2 2 2 
7 2 2 2 2 2 2 2 
3 2 2 2 
1 2 2 2 2 7 7 
2 7 7 7 7 7 7 6 6 6 6 6 6 6 6 6 
1 6 6 6 6 6 6 6 6 6 6 6 6 6 11 
3 11 11 12 3 3 3 3 3 3 3 3 
1 2 2 2 2 2 
2 2 2 2 2 2 2 2 2 2 2 2 2 2 2 2 
1 2 2 2 2 2 2 2 2 
2 2 2 2 2 2 2 2 2 6 6 6 6 6 6 6 6 6 6 6 6 6 6 6 6 6 6 6 6 
1 6 6 6 6 
3 6 7 7 7 
1 7 7 7 7 7 
3 7 7 7 7 7 7 7 7 12 12 12 12 12 7 7 7 7 7 7 7 7 7 7 7 7 7 7 7 12 12 12 
1 12 12 12 12 13 13 
3 4 4 
1 4 4 4 4 
2 4 4 4 3 3 3 3 3 3 3 3 3 3 3 3 3 3 8 8 8 8 8 8 8 8 8 8 8 13 13 13 13 13 13 13 13 13 
1 13 13 12 12 12 12 12 13 13 
3 13 13 13 13 12 12 12 
1 12 12 7 7 8 13 13 13 13 13 13 13 13 13 13 
2 13 13 
1 13 13 
4 13 
3 3 2 2 2 2 
1 2 2 7 7 
2 7 7 7 7 7 7 7 7 7 7 7 7 
1 12 12 13 13 13 13 13 13 13 13 13 13 13 13 14 
3 3 8 8 8 
1 8 8 8 
2 8 8 8 8 
1 8 8 13 13 13 13 13 13 13 13 13 13 13 
4 19 
3 2 
1 2 2 2 2 2 2 1 1 
3 1 1 1 1 2 2 2 2 2 2 7 
1 6 6 6 6 6 6 6 6 
2 6 6 6 6 6 6 
1 6 6 6 6 6 6 6 6 
3 6 6 6 6 6 4 3 3 
1 3 3 3 3 
2 3 3 3 3 3 3 3 3 3 3 3 3 3 3 3 3 3 8 7 7 7 7 7 7 7 7 7 7 7 7 7 7 7 7 7 7 7 7 7 7 
1 7 7 7 7 7 7 
3 7 11 11 12 12 12 12 12 12 
4 12 
3 17 17 17 17 1 
1 1 1 1 
3 1 3 
1 3 3 3 3 
2 3 8 8 8 8 8 8 8 8 7 7 7 7 7 7 7 7 7 7 7 7 7 7 7 7 7 7 7 7 12 12 12 12 12 12 12 12 12 12 12 12 
4 18 
3 2 2 2 2 2 2 2 2 2 1 1 1 1 1 1 1 1 1 
1 7 7 7 
2 7 7 7 7 7 7 7 7 7 7 12 
4 12 12 
3 12 12 12 12 
1 12 12 12 13 
3 18 18 18 18 12 12 12 12 12 12 12 12 12 12 
1 12 12 
2 12 12 12 
1 12 12 12 12 12 12 12 12 12 
4 12 13 
3 4 4 4 4 4 4 4 
1 4 4 4 4 4 9 9 9 8 8 8 8 
2 8 8 8 13 13 13 13 13 13 13 14 14 14 
1 14 14 14 
3 4 4 
1 4 4 4 4 4 4 
2 4 4 4 4 3 3 3 3 3 3 3 3 3 3 8 8 8 8 8 8 8 8 8 8 8 13 13 13 13 13 13 
1 13 13 
4 13 19 19 19 19 19 19 20 20 25 
3 3 3 3 
1 3 3 3 2 2 2 
2 2 2 2 2 2 
1 7 7 7 7 7 7 7 
2 7 12 13 13 13 18 
3 7 7 7 7 7 7 7 7 7 7 7 6 
1 6 6 6 6 6 6 
3 6 6 11 11 3 3 3 3 
1 3 
3 3 3 3 4 4 4 4 4 4 4 4 4 4 4 4 4 
1 4 4 3 3 3 3 3 3 3 3 3 3 3 3 
3 3 3 3 3 3 3 3 3 3 3 3 3 3 3 2 2 2 2 2 7 7 7 7 7 7 7 7 7 7 
1 7 7 12 12 12 12 12 12 
4 17 
3 4 4 4 4 4 4 
1 4 4 3 3 3 3 3 3 3 3 3 3 
3 7 7 12 12 12 12 12 
1 12 12 12 12 12 12 12 12 12 12 13 13 13 13 13 13 
2 13 13 13 13 13 13 13 
1 13 13 13 13 13 13 
4 14 
3 2 2 2 
1 2 2 2 1 
3 1 1 4 
1 3 3 3 3 3 3 3 3 3 3 3 3 3 3 2 2 2 2 2 7 7 7 7 7 7 7 7 7 7 7 7 7 7 7 7 
2 12 12 12 13 
3 7 7 
1 7 12 12 
2 13 13 13 13 13 
1 13 13 13 13 13 13 13 13 
3 13 3 3 3 3 3 
1 3 3 8 8 8 8 8 8 8 8 8 
3 8 2 2 2 2 2 2 
1 2 2 2 2 2 2 2 
3 2 1 1 1 1 1 1 1 1 1 6 6 6 
1 6 6 6 
2 6 
1 6 6 
3 6 11 11 12 12 12 12 12 12 12 12 12 12 17 17 17 17 17 7 7 
1 7 8 8 
2 8 13 13 13 13 13 14 14 14 19 19 19 
4 20 20 
1 2 2 2 2 2 2 2 2 2 
3 2 2 2 2 7 7 7 7 1 6 6 6 6 6 2 2 
1 2 2 2 2 2 2 2 2 
2 2 2 2 2 2 2 
1 2 
3 3 3 
1 3 3 3 3 3 
2 3 3 3 3 3 3 8 8 
1 8 8 8 7 7 7 7 12 12 12 12 13 13 13 
3 6 6 6 6 6 6 6 6 6 6 6 6 6 6 6 6 6 6 
1 6 6 6 6 
2 6 6 6 6 6 6 
1 6 6 6 6 6 6 6 6 6 
3 6 4 4 4 
1 4 4 4 4 4 4 9 9 9 9 9 9 
3 9 9 9 9 9 9 9 8 8 8 8 8 13 13 13 13 13 
1 13 13 13 13 13 13 13 13 13 
2 13 13 13 13 13 13 13 13 
1 13 13 13 13 13 13 18 18 
4 18 19 19 19 14 
3 3 3 2 
1 2 2 2 2 2 2 2 2 
2 2 2 
1 2 2 7 
3 7 
1 7 7 7 7 7 7 7 7 7 7 7 
2 7 7 7 7 7 7 7 7 7 7 7 7 7 7 7 7 7 7 7 7 7 7 7 7 
1 7 7 7 7 
3 12 12 12 12 12 12 
4 12 
3 3 3 3 3 3 3 3 3 3 2 2 2 2 2 2 2 2 2 7 7 7 7 7 7 7 7 7 
1 7 7 12 
3 12 12 12 12 12 12 17 7 7 7 7 7 7 
1 7 7 7 7 12 
2 12 12 12 12 12 
1 12 12 12 12 12 12 12 12 7 7 7 7 7 7 7 
3 7 7 7 7 7 7 12 7 7 7 7 7 7 7 7 7 7 7 
1 7 7 7 7 7 7 7 7 7 7 7 7 7 7 7 7 
3 7 7 7 7 7 12 12 12 12 
1 12 12 
3 13 13 
1 13 13 
2 13 13 13 13 13 13 13 13 13 13 13 13 13 13 13 13 13 13 13 13 13 13 13 13 
1 13 13 13 13 13 
3 13 13 13 
1 13 13 13 13 13 13 13 13 13 13 13 13 14 14 14 14 14 
4 14 14 
3 14 14 14 14 14 7 
1 7 6 6 6 6 
3 6 6 6 
1 6 6 6 6 6 6 6 
3 6 11 11 11 11 11 11 3 3 3 8 8 8 
1 8 8 8 8 8 8 8 8 8 
2 8 8 8 8 8 13 13 13 13 13 13 
3 4 4 4 4 4 4 4 4 
1 4 4 4 4 4 3 3 3 
2 3 3 3 3 3 3 3 3 3 3 3 8 8 8 8 8 8 7 7 7 7 7 7 7 7 7 7 7 7 7 12 12 12 12 12 12 13 13 
4 13 18 18 19 19 19 19 20 
3 7 7 7 
1 7 7 7 
3 7 7 7 6 6 6 6 6 2 2 2 
1 2 2 
2 2 2 2 2 2 2 2 2 2 2 2 2 2 2 2 2 2 2 2 
1 2 2 2 3 3 3 
3 3 3 3 3 3 3 3 3 8 8 8 
1 8 8 8 8 8 8 8 8 
2 7 7 
1 7 8 12 12 13 13 13 13 13 7 7 7 7 7 7 7 12 12 12 13 13 13 13 13 13 13 
3 3 3 3 3 
1 3 3 3 3 3 3 3 3 3 3 
3 3 3 3 3 3 3 3 3 2 2 2 8 8 8 8 
1 8 8 8 8 8 8 8 8 8 8 8 7 
3 7 7 2 2 2 2 2 2 2 2 2 
1 2 2 2 
2 2 2 2 2 2 2 1 1 1 1 
1 1 1 1 
3 1 1 1 1 1 
1 1 1 
3 2 2 2 2 2 2 2 2 2 
1 2 
2 2 2 2 2 7 7 7 7 7 7 7 7 7 
1 7 7 7 12 12 12 12 
2 12 12 12 
1 12 12 12 12 12 
4 12 12 12 
3 1 1 
1 1 1 6 6 6 
3 8 8 8 8 
1 8 8 13 13 13 13 
4 13 13 
3 3 3 3 3 3 3 3 
1 3 3 3 3 3 3 3 3 3 3 3 3 3 3 3 3 3 3 3 3 3 3 3 3 3 3 3 3 3 3 3 3 3 8 
3 8 8 8 8 8 8 8 8 13 13 13 8 8 8 8 8 
4 8 8 8 
3 8 8 7 7 7 7 7 7 7 7 7 7 7 7 7 7 7 7 7 7 
4 7 7 
1 7 7 
2 7 8 8 8 13 13 13 13 
1 13 13 13 18 18 18 
4 18 18 18 19 19 19 19 19 14 15 
3 15 3 3 3 3 3 3 
1 3 3 3 3 3 3 3 3 8 8 8 8 8 8 8 7 7 7 7 7 
2 7 7 7 7 7 12 12 12 12 12 13 
4 13 13 18 18 18 18 18 18 18 19 19 19 19 19 19 19 24 24 24 24 24 24 24 24 
3 6 
1 6 6 6 6 6 
2 6 6 6 6 6 6 6 
1 6 6 
3 11 11 11 11 11 11 11 11 2 2 1 1 6 6 6 6 6 6 6 6 6 6 6 6 
1 6 6 6 6 6 
3 6 2 2 2 
1 2 2 
3 2 2 1 1 1 1 1 
1 1 1 1 
3 1 1 6 
1 6 6 6 6 
2 6 6 6 6 
1 6 
3 6 7 7 
1 7 7 7 7 7 7 7 
2 7 7 7 7 7 7 7 7 7 7 7 7 7 7 7 7 12 12 12 12 12 12 12 
1 12 12 12 12 12 12 12 12 12 12 12 12 12 12 12 12 12 12 
3 12 12 12 12 12 12 12 12 12 12 12 12 17 8 8 
1 13 13 13 13 13 13 13 13 13 13 
2 13 13 13 13 14 14 14 14 14 14 14 14 14 14 14 14 14 
1 14 
3 7 7 
1 7 7 7 7 7 7 7 7 7 7 7 7 
3 7 7 7 7 7 4 4 4 3 3 3 3 3 3 3 8 
1 8 8 8 8 
3 8 8 8 8 8 8 8 8 8 8 
1 8 8 7 7 7 7 7 7 7 7 7 7 7 12 12 12 
2 12 12 12 12 12 12 12 12 12 13 13 13 
1 13 13 
3 7 7 
1 7 
4 7 7 7 
1 7 7 8 8 8 8 
3 7 7 7 7 
1 7 7 7 7 8 8 8 8 8 8 8 
4 8 
3 3 3 3 3 3 
1 3 3 3 3 3 
2 3 3 3 8 8 8 8 8 8 8 8 8 8 8 8 8 8 8 8 8 13 14 
4 14 14 14 14 14 14 14 14 14 14 14 14 
1 13 13 13 13 13 13 13 13 8 8 8 8 8 8 8 8 8 8 8 8 8 13 13 13 13 13 13 13 13 13 13 8 
2 8 8 8 8 8 8 8 8 8 8 8 
1 8 7 7 7 
3 7 7 7 6 6 6 6 6 
1 6 6 6 6 6 6 6 6 
3 6 6 11 11 12 12 12 12 12 12 12 11 11 11 11 6 6 
1 6 6 6 6 3 3 2 2 2 
2 2 2 2 7 7 7 7 7 7 7 7 7 7 7 7 7 7 7 7 12 12 12 12 12 12 
1 12 12 
4 12 17 17 17 
3 7 7 7 6 6 6 6 
1 7 7 7 7 7 7 7 7 7 7 7 7 7 12 
2 12 12 12 12 
1 12 12 13 13 13 
4 13 13 18 18 18 18 18 18 19 19 
1 2 2 7 7 
3 7 
7 7 
3 7 7 7 7 7 12 12 12 12 12 12 12 
1 12 12 13 13 13 13 13 
4 18 18 18 
3 8 8 8 
1 8 8 8 8 8 8 8 
2 8 8 8 8 8 8 8 8 8 8 13 13 13 13 13 13 13 13 13 13 13 13 
1 13 
3 4 4 4 4 4 4 
1 3 3 3 3 3 3 3 3 3 3 3 3 3 3 3 3 3 3 8 
3 3 3 3 3 
1 3 3 3 3 3 2 2 2 7 7 7 7 
2 7 7 7 7 7 7 
1 7 7 
2 7 6 6 6 
1 6 11 
3 11 11 11 11 11 11 11 12 7 7 12 12 12 12 12 12 13 
1 13 13 13 
2 18 18 18 18 
3 3 3 3 3 3 3 3 3 
1 3 2 2 
3 2 2 2 2 2 2 2 2 2 2 7 7 7 7 7 6 6 6 6 6 6 
1 6 6 6 6 6 6 6 6 
3 6 6 6 6 6 6 6 11 11 11 11 11 11 11 11 12 
1 2 7 7 7 7 7 
3 7 7 7 7 7 7 7 6 6 6 
1 6 6 
2 6 6 6 6 6 6 6 6 6 6 6 6 6 
1 6 
3 7 7 7 
1 7 7 7 
2 7 7 7 7 7 7 12 12 12 12 
1 12 
3 12 12 12 
1 12 13 
4 13 13 13 
3 13 13 13 13 13 13 14 14 14 13 
1 13 13 13 13 13 13 13 13 13 13 13 13 13 13 13 13 13 18 
3 4 4 
1 4 4 4 4 9 9 9 9 8 8 8 8 8 
2 8 13 13 13 13 13 13 13 19 
1 19 
4 19 
3 2 2 
1 2 2 2 
2 2 2 2 2 2 2 7 7 7 
1 7 7 
3 7 7 7 7 7 7 7 7 7 7 7 7 7 7 7 7 6 6 6 6 6 6 6 6 
1 6 7 7 
3 7 7 7 7 7 7 7 7 7 12 12 6 6 
1 6 6 6 6 6 6 6 6 6 6 6 
4 6 6 6 
3 11 11 11 7 7 7 7 7 7 7 7 7 7 12 12 12 
1 12 12 12 12 12 12 12 13 13 13 
3 13 13 13 13 13 13 7 7 7 7 7 7 7 7 7 7 7 7 6 6 6 6 6 6 6 
1 6 6 6 
2 6 6 6 6 6 6 6 
1 6 
3 6 6 4 
1 4 4 4 3 
2 3 3 3 3 3 3 3 3 3 3 3 3 8 8 8 8 8 8 8 8 8 8 8 8 8 8 8 8 13 13 13 13 13 13 
1 13 13 13 13 13 13 13 13 
2 13 
1 13 13 
3 2 2 2 2 2 2 2 2 
1 2 2 2 
2 2 2 2 2 2 2 2 1 1 1 1 
1 1 1 6 6 6 
3 6 6 4 4 3 3 3 3 3 3 3 3 3 3 3 
1 3 3 3 3 3 3 3 
2 3 3 3 3 3 2 2 2 2 2 2 2 2 2 2 2 7 7 7 7 7 7 7 7 
1 7 7 
2 7 7 7 7 7 7 7 7 7 7 7 7 7 7 6 6 6 6 6 6 6 6 6 6 6 6 6 6 6 6 6 
1 6 
3 6 6 2 2 1 1 6 6 6 6 6 6 6 6 
4 6 6 6 6 
1 6 6 6 6 6 6 6 6 6 6 1 1 1 1 1 1 1 1 
3 1 1 1 1 1 1 2 2 2 2 2 2 2 
1 2 2 2 2 2 
2 7 7 7 7 7 7 7 7 7 7 7 7 7 7 7 13 13 13 13 13 13 13 13 13 13 13 13 13 13 13 13 13 13 13 13 13 14 
1 14 19 
4 19 19 19 19 20 20 20 
3 3 3 
1 3 2 2 2 
2 2 2 2 2 2 2 2 2 2 2 2 2 
1 1 
3 1 1 1 1 1 1 4 4 4 4 
7 4 3 3 3 3 3 
3 3 3 3 3 3 
1 3 3 8 8 8 8 
2 8 8 8 8 8 8 8 8 8 8 8 13 14 14 14 14 14 14 
1 14 14 14 14 14 
3 14 2 2 2 2 2 2 
1 2 1 1 1 1 1 1 1 1 6 6 6 6 6 6 
2 6 6 6 6 6 6 
1 6 6 
3 8 8 8 8 8 8 8 8 8 
1 8 8 8 8 8 
2 8 8 8 8 13 13 13 13 14 14 14 14 14 19 19 19 
4 19 19 19 19 19 19 14 14 
3 3 3 3 3 3 3 3 3 3 3 
1 3 3 3 3 3 
3 2 2 2 3 3 3 
1 3 3 3 3 3 3 3 3 3 3 3 3 3 3 3 3 3 3 
3 3 3 
7 2 3 3 3 3 3 
3 3 3 3 
1 3 3 3 3 7 7 
2 7 7 7 7 7 7 7 7 7 12 12 12 12 13 
1 18 
4 18 18 18 18 
3 7 7 
1 7 7 7 7 7 7 7 
2 7 12 12 12 7 7 7 
3 12 12 12 12 7 7 7 7 7 7 7 7 7 7 7 
1 7 7 7 12 12 12 12 12 12 12 12 12 12 12 12 8 8 8 8 8 8 8 8 8 8 8 8 13 13 13 13 13 13 13 13 13 13 13 13 13 13 13 
2 13 13 13 13 13 19 19 
4 19 19 19 19 19 19 14 
3 14 14 14 15 15 15 15 15 15 3 
1 3 3 3 3 
3 3 3 3 3 3 3 3 8 2 2 2 2 
1 2 2 1 1 1 1 1 6 
2 6 6 6 6 1 
1 1 
3 7 
1 7 7 7 7 7 7 7 7 
2 7 7 7 8 8 8 
1 13 
4 13 13 13 14 14 14 14 14 14 14 14 14 14 14 14 14 
3 14 14 14 14 14 14 14 14 14 14 14 14 14 9 4 4 4 4 4 4 4 4 4 4 4 9 8 8 
1 8 8 8 8 
2 8 8 8 8 8 8 8 8 8 8 8 8 8 8 8 8 8 8 8 8 8 8 8 13 13 13 13 13 13 13 13 13 13 13 13 13 13 13 14 19 19 19 19 19 
1 14 15 20 20 
4 20 
3 4 4 4 4 4 4 
1 4 4 4 4 4 4 4 4 4 4 4 4 4 4 
3 3 3 
1 3 3 3 3 3 8 8 8 8 8 8 8 8 8 8 8 8 8 8 8 8 8 
2 8 8 
1 8 8 8 8 7 7 7 
2 7 8 8 8 8 8 8 8 
1 8 13 
4 13 
3 3 
1 3 3 3 3 3 3 3 3 8 8 8 8 8 8 8 13 13 
2 13 18 
3 6 6 
1 6 6 6 6 6 6 
2 6 6 6 6 6 6 6 
1 6 6 6 6 6 6 6 6 6 6 11 
3 11 2 2 2 
1 2 2 2 2 2 2 
2 2 2 2 2 2 2 2 2 2 2 2 2 2 2 1 1 1 1 1 1 1 1 
1 1 1 1 1 1 1 1 1 
3 1 1 1 1 1 1 1 1 1 1 1 1 
1 6 6 
3 6 
1 6 6 7 7 7 
4 7 7 12 12 12 13 13 13 18 19 19 19 19 19 25 25 
3 13 
1 13 13 13 13 13 13 13 8 8 8 8 8 
3 8 8 8 8 8 8 8 8 8 8 8 3 
1 3 3 3 3 3 2 2 
2 2 2 2 
1 2 2 2 2 2 2 2 
3 7 7 
1 7 7 7 7 
3 7 
4 7 7 
1 7 12 12 12 12 12 12 
2 12 12 12 
