maxLAT:69.000000, minLAT:7.200000, maxLON:12.000000, minLON:-109.300003
3 10 10 
1 10 10 25 25 25 
2 24 24 24 39 39 39 39 39 39 38 38 38 38 53 53 53 68 68 68 68 83 83 99 99 114 114 129 144 
4 144 159 175 175 191 207 208 209 209 210 225 226 
3 51 
1 51 51 51 51 51 66 66 66 
2 66 66 66 82 82 82 
1 98 
4 98 114 114 130 130 131 131 131 131 131 131 116 116 116 116 101 
3 101 101 101 102 102 102 102 102 102 102 102 102 102 87 
1 37 37 37 37 36 36 36 36 
3 36 36 
1 101 102 102 102 102 102 
2 102 
1 102 102 102 102 
3 118 118 9 24 
1 24 24 24 24 23 
2 23 23 38 38 38 37 52 52 
1 52 67 67 66 66 81 81 96 96 96 111 112 112 127 
3 22 
1 22 22 22 22 37 
2 37 37 37 37 37 37 
1 37 37 37 37 52 52 52 67 67 67 82 82 
3 81 81 81 25 25 24 24 
1 24 
2 24 23 23 23 23 
1 22 22 22 22 21 21 
3 21 21 62 62 62 
1 47 47 47 47 47 47 
3 64 64 64 64 64 64 64 64 79 79 79 79 79 79 79 
1 80 80 80 80 80 80 95 95 95 
2 96 96 96 96 97 97 
1 97 113 113 113 114 
3 114 34 34 34 
1 34 34 34 33 
3 33 33 49 49 49 49 
1 49 48 48 48 
2 48 63 63 63 63 63 63 63 63 63 63 63 78 78 78 
1 78 
4 78 78 78 78 79 
3 42 41 41 41 41 41 41 56 55 
1 55 55 70 70 70 85 86 86 101 
3 69 
1 68 68 68 68 68 68 
2 68 83 83 83 83 98 98 98 
1 113 114 129 129 129 129 129 114 114 114 99 99 84 84 69 69 
3 70 70 85 85 34 34 33 33 48 48 48 48 48 48 48 48 48 63 63 63 
1 63 63 78 78 78 
3 78 63 
1 63 63 63 63 63 63 63 78 78 78 
3 78 78 93 19 19 19 19 34 34 34 34 34 33 33 33 33 33 33 33 33 33 
1 49 49 49 
2 49 49 49 64 64 64 79 79 80 80 95 
4 95 95 
3 11 11 10 10 10 10 10 10 
1 10 25 24 24 24 24 24 24 24 23 23 23 23 23 37 37 37 37 
3 51 51 51 65 
1 65 
3 80 80 80 95 95 
1 110 110 126 
4 126 127 127 128 129 144 
3 25 
1 25 25 25 25 25 
2 24 24 39 39 39 39 39 38 38 53 53 53 53 53 53 52 52 52 52 52 52 52 52 52 51 51 51 51 51 66 66 66 65 65 65 65 65 65 80 80 80 80 80 95 95 95 109 
1 109 
4 124 
3 124 26 26 
1 26 26 25 25 25 25 
2 25 25 25 25 39 39 39 39 39 39 39 39 39 38 53 53 53 53 53 68 67 67 82 82 82 97 97 97 113 113 113 
1 128 129 
4 129 145 145 145 161 161 162 163 178 193 
3 48 48 
1 47 47 47 47 47 47 47 47 47 
3 40 
1 39 39 39 39 39 53 53 53 53 53 53 
2 67 67 67 67 67 67 66 66 66 66 66 66 66 66 66 66 81 81 81 81 81 81 81 96 96 96 111 112 112 127 128 128 143 144 
4 144 145 
3 26 
1 26 26 26 26 26 40 40 40 40 40 40 39 39 39 39 39 39 39 39 53 
3 53 53 53 53 53 53 52 52 52 52 37 37 37 51 51 49 49 48 48 48 48 48 
1 63 63 63 63 63 78 78 78 
3 78 78 93 93 94 94 94 94 94 94 94 93 93 93 93 10 10 10 9 9 9 
7 8 8 
3 8 
1 7 7 7 
3 11 11 11 10 
1 10 10 10 25 24 
2 24 24 24 23 23 23 23 23 22 37 37 37 37 37 36 36 36 36 36 36 35 35 35 35 50 50 50 49 49 49 49 64 64 64 64 63 63 63 63 78 78 78 78 78 78 
1 78 78 
3 78 78 78 78 78 79 79 79 79 79 
1 79 79 79 79 94 
2 94 
1 94 
3 94 94 94 109 
1 110 110 110 125 126 126 
4 127 142 143 159 159 160 
3 81 81 
1 81 81 81 81 81 81 
2 81 96 96 96 96 96 111 111 111 126 126 141 
3 97 97 
1 97 97 
2 97 97 97 97 97 97 112 112 112 112 112 112 113 113 113 113 113 113 113 113 113 113 113 113 
1 113 113 113 98 98 
3 98 98 98 
1 98 98 98 98 99 99 99 99 99 99 99 99 115 115 115 116 116 
4 116 116 
3 116 116 116 116 116 26 26 26 26 26 25 25 25 25 
1 25 25 
3 25 25 24 24 24 24 24 24 23 
1 23 23 23 23 23 
3 21 21 21 
1 21 21 21 20 20 35 
2 35 35 35 35 34 49 49 49 49 49 64 64 64 63 78 78 
1 78 
3 93 93 93 108 108 108 108 108 108 108 108 108 108 108 108 108 108 108 108 108 108 123 123 124 124 124 124 139 34 34 33 33 48 48 48 48 48 48 48 48 
4 48 48 48 48 
1 47 47 47 47 47 47 47 47 47 47 32 32 32 32 32 32 32 32 
3 32 32 32 32 32 32 19 19 
1 19 19 34 
2 34 34 34 34 34 34 49 49 49 
1 49 49 
3 49 49 49 49 49 49 49 49 49 49 49 49 49 49 49 64 63 63 35 
1 35 50 50 50 65 65 65 65 80 80 80 79 79 79 79 
3 79 79 79 79 79 79 79 79 79 94 94 94 94 94 95 95 95 95 65 65 65 65 65 65 65 65 66 66 66 66 66 66 66 66 66 66 
1 66 66 66 81 
2 81 81 81 82 82 82 82 97 97 97 97 97 98 98 98 98 98 98 98 98 98 98 98 98 98 98 98 98 97 82 83 83 83 83 83 83 83 83 82 82 82 82 82 82 82 82 81 81 81 81 81 81 81 81 81 81 81 81 81 80 80 80 80 80 80 80 80 80 80 80 80 80 80 95 95 95 95 95 
1 94 94 94 
3 94 94 109 109 109 110 110 110 110 110 110 95 95 95 37 36 36 36 36 
1 36 36 51 51 
2 51 51 51 65 65 65 65 81 81 81 81 81 
1 96 96 97 97 97 97 98 98 98 99 99 99 114 114 115 
8 95 95 95 95 80 80 80 80 79 79 79 79 79 
1 79 79 79 79 79 79 79 
3 79 79 79 79 79 79 94 94 79 79 79 79 
1 79 79 94 94 94 
3 94 94 94 94 109 95 
1 95 95 95 95 95 110 110 110 110 110 125 126 
4 126 141 142 
3 115 100 100 99 
1 99 99 99 99 99 99 114 114 114 114 114 114 129 129 129 129 129 144 
3 65 65 65 80 80 80 80 80 80 80 95 95 96 
1 96 96 96 96 96 96 96 97 97 97 
3 97 98 98 98 114 114 24 24 24 24 24 
1 23 23 38 38 38 
2 38 38 37 52 52 52 52 67 67 67 67 83 83 83 83 83 83 84 84 84 99 100 
4 100 115 115 115 131 131 131 130 131 131 131 131 
3 19 19 19 19 34 34 34 34 34 
1 34 
2 34 34 34 34 49 49 49 49 64 64 64 79 79 
1 79 79 79 94 94 94 95 
2 95 95 95 
1 95 95 110 110 110 
4 110 110 125 
3 48 48 48 
1 49 49 
2 64 64 
1 64 64 64 
3 64 64 64 64 64 64 7 
1 7 7 22 22 
2 22 21 21 21 21 21 
1 21 21 21 20 20 20 20 20 
3 20 20 20 
1 20 20 35 35 35 35 
2 35 35 50 
1 50 50 50 
2 65 65 65 
1 65 65 
4 66 66 66 66 66 82 82 82 97 97 112 
3 65 
1 65 65 65 65 80 80 80 80 80 80 80 80 80 80 80 80 81 81 81 96 96 96 95 95 95 95 95 111 111 111 126 127 
4 127 142 143 143 
3 80 
1 80 96 96 111 
2 111 112 
1 127 
3 37 37 37 37 37 37 37 36 36 36 36 
1 36 36 36 
2 36 50 
1 50 50 50 50 50 50 49 49 49 49 49 49 49 49 48 48 48 48 48 48 
2 63 63 63 63 78 78 
1 93 
3 94 109 109 25 25 25 40 40 40 40 40 40 40 40 40 40 
1 40 40 40 55 55 55 54 
3 54 54 54 54 54 54 54 54 54 54 54 54 54 54 69 68 68 68 83 83 84 
1 84 84 84 84 84 84 84 84 84 84 84 84 84 84 
2 84 84 99 99 114 114 
3 53 
1 53 68 68 68 
3 68 68 68 
1 68 67 67 
2 82 82 82 82 82 82 97 97 97 97 97 97 97 113 113 129 
3 98 
1 98 98 98 98 98 98 98 83 83 83 83 83 
3 83 83 83 84 84 84 84 84 84 84 84 24 24 24 
1 24 24 24 24 23 23 23 23 23 23 23 22 37 37 37 37 37 37 
3 37 37 
7 36 37 37 37 37 37 
3 37 37 37 
1 37 37 37 37 51 51 
2 51 51 51 51 66 66 66 81 81 96 96 111 111 127 
1 142 
4 142 158 159 159 
3 26 26 26 26 26 25 
1 25 25 25 24 24 24 39 39 39 39 
2 38 38 38 53 53 53 53 53 53 53 68 68 68 67 67 67 67 67 67 82 82 82 82 97 97 97 98 113 113 113 114 114 129 
4 130 130 130 145 145 146 146 146 147 162 162 178 
3 23 23 
1 23 38 38 38 37 37 37 37 37 
2 37 52 52 51 51 51 51 51 51 51 51 50 65 65 65 65 65 64 64 79 79 79 94 94 95 
1 110 125 125 
4 125 125 141 141 141 142 142 158 
3 47 47 47 47 62 62 62 62 
1 63 63 63 63 78 79 
4 79 94 95 110 125 126 141 141 157 157 158 159 159 160 161 161 162 162 162 177 177 177 177 192 192 207 206 206 206 206 205 
3 79 79 79 79 79 79 79 79 
1 94 94 95 95 
4 110 
3 94 79 79 80 
1 80 80 80 80 80 80 80 80 
3 67 67 82 
1 82 82 82 82 82 82 82 82 82 82 81 81 81 81 81 81 81 81 
3 81 96 96 96 67 67 
1 67 67 67 67 67 67 82 82 
2 82 82 82 97 97 98 98 98 113 114 114 114 
1 115 115 
4 116 131 146 146 
3 22 22 
1 22 21 21 21 
3 27 26 26 26 26 26 26 26 25 25 
1 25 25 25 25 24 
2 24 24 24 24 24 23 23 23 38 38 38 38 37 37 37 37 52 52 52 51 51 51 51 51 66 65 65 65 65 80 80 80 80 95 95 95 110 110 110 110 126 126 
1 126 
4 126 126 126 127 127 127 127 128 128 128 128 143 144 144 
3 95 96 96 
1 96 96 81 81 82 97 97 97 97 
3 48 63 63 63 63 63 62 62 77 
1 77 77 
3 77 93 65 65 65 80 80 
1 80 80 80 80 95 95 95 110 110 126 126 
3 64 
1 79 78 78 78 
3 78 67 67 66 66 
1 81 81 81 81 81 96 96 111 
3 11 10 
1 10 10 10 10 10 9 9 9 
2 9 8 8 8 8 8 7 7 7 22 21 21 21 21 21 21 20 20 20 20 35 35 35 35 34 34 34 34 34 34 34 34 49 49 49 48 48 48 63 63 63 63 78 78 78 78 
1 93 
3 93 93 94 109 109 109 110 110 
4 110 95 95 95 79 79 
3 64 64 64 64 64 64 64 63 63 63 
1 63 78 78 78 
3 77 11 11 26 26 
1 26 26 41 40 40 40 55 55 54 69 69 69 69 68 
2 68 68 68 68 83 82 82 82 97 97 97 98 113 113 128 
4 144 159 160 
3 47 47 47 
1 48 48 48 48 48 
2 48 48 
1 48 48 48 48 47 47 47 47 47 47 47 
3 82 82 
1 97 97 97 97 112 112 112 
2 112 113 128 128 
1 128 129 129 129 
3 129 114 114 115 115 115 100 99 99 99 99 99 99 99 114 114 114 114 114 99 99 99 99 99 99 84 50 65 65 66 
1 66 66 66 81 82 82 82 82 83 83 83 
3 49 49 49 
1 64 64 64 64 64 64 79 
3 79 79 94 94 94 94 
1 36 36 51 50 
3 50 
7 50 
3 65 65 80 80 80 96 96 96 96 96 96 96 
1 111 111 112 127 127 127 127 
4 143 143 158 
3 67 67 82 82 
1 82 82 97 97 98 98 
4 98 113 
3 10 9 24 24 24 24 23 38 38 
1 38 37 37 37 37 37 37 37 51 51 51 51 51 51 51 66 
3 25 25 25 25 
1 25 40 40 39 39 39 39 39 54 54 54 54 
3 54 54 54 54 37 37 37 37 36 51 51 51 
1 51 51 51 51 51 51 51 51 66 66 66 65 65 80 80 80 80 95 96 96 96 111 111 112 112 127 128 
4 143 143 159 159 175 
3 66 66 66 66 
1 66 66 66 66 82 82 82 82 82 82 82 
4 83 
3 48 48 
1 48 48 48 63 63 63 63 62 62 62 
3 50 
1 65 65 65 
2 65 65 80 80 80 
1 80 80 80 80 95 
3 96 96 
4 112 127 128 129 144 
3 145 145 79 79 79 79 
1 79 80 80 80 80 80 95 95 96 
4 111 111 127 142 157 158 173 174 175 175 176 177 
3 24 
1 23 38 38 38 
2 38 52 52 52 52 52 52 52 52 51 66 66 66 66 66 66 66 66 66 66 65 65 80 80 80 80 80 80 80 95 95 95 95 95 95 95 110 110 110 126 126 
4 142 
3 8 8 8 8 8 23 23 23 22 22 
1 22 22 22 22 22 
3 21 21 21 11 11 11 11 26 26 25 25 
1 25 40 40 40 39 39 39 54 54 54 54 54 54 68 68 68 68 68 
3 68 68 68 68 25 
1 24 24 24 24 23 23 23 23 22 22 22 22 22 37 36 36 36 36 36 51 51 51 51 51 51 51 51 51 51 65 65 65 65 81 81 
2 96 111 111 127 
3 62 
1 62 77 77 77 
3 77 77 93 93 93 93 93 93 93 78 78 78 78 78 78 78 78 78 78 78 79 79 79 79 79 79 23 23 
1 23 23 23 
2 23 23 23 38 38 38 38 38 37 
1 37 37 37 37 
3 37 37 37 36 36 36 21 21 81 81 81 81 
1 81 96 96 96 96 111 111 126 126 127 
4 142 
3 85 85 85 
1 85 100 100 100 
2 100 100 100 100 100 115 115 100 100 100 100 115 115 115 
1 115 116 116 
4 131 131 132 147 147 
3 6 21 21 
1 21 20 20 20 20 20 20 20 
2 19 19 19 19 19 34 34 34 33 33 33 
1 33 
3 33 33 37 37 37 36 36 
1 36 35 35 35 
2 35 34 34 34 34 34 33 33 33 33 
1 33 33 48 48 48 48 48 48 48 48 
2 48 48 48 48 48 63 63 63 63 78 78 78 78 
1 78 
3 77 77 77 77 77 25 24 24 24 
1 24 39 
3 39 11 11 10 10 10 10 
1 10 10 9 24 24 24 23 23 23 38 37 37 34 34 48 48 48 48 48 47 62 62 
2 62 62 62 62 62 
1 62 62 77 
3 76 76 76 76 76 76 76 76 8 8 23 22 22 22 22 22 22 22 21 21 21 21 21 21 21 21 20 20 20 
1 20 20 20 19 19 19 19 
2 19 4 19 
1 19 19 
3 18 18 
1 18 
3 95 
1 95 95 95 95 96 96 96 96 96 111 111 
2 111 111 111 126 127 127 
3 64 79 79 79 79 94 94 94 
1 95 95 95 95 95 95 95 110 110 110 111 111 111 111 111 111 111 111 112 127 127 143 98 98 98 98 113 113 
2 113 113 
1 113 128 
4 128 
3 20 20 20 
1 20 20 20 21 
2 21 21 21 36 36 36 51 52 52 67 82 82 
1 82 98 98 98 
3 98 98 98 98 113 113 113 114 63 
1 62 62 62 77 
3 77 77 77 92 92 92 81 
1 81 81 81 81 81 81 
2 81 81 81 81 81 81 96 97 97 
1 97 98 98 98 
4 99 99 99 114 115 130 130 131 127 127 127 127 
1 112 112 113 113 113 98 98 98 83 83 83 84 69 69 69 69 
2 84 84 85 85 
1 100 100 100 115 115 116 
3 8 8 8 8 8 8 7 7 
1 22 22 22 
3 81 81 96 96 96 96 96 111 112 
1 127 127 128 
2 143 158 173 174 
3 80 80 95 95 96 96 96 
1 96 96 111 111 111 111 111 111 111 111 112 112 112 112 112 97 
2 98 98 113 113 114 129 129 
1 129 129 129 129 129 129 
4 130 
3 9 8 8 8 23 
1 22 22 22 22 21 21 21 21 21 21 21 20 20 20 
7 20 35 
3 35 35 
1 35 35 35 35 35 35 35 35 34 34 34 34 
2 49 49 49 49 49 49 48 48 63 63 63 78 78 
1 78 78 
3 93 
1 33 33 33 33 33 33 
3 33 33 81 81 
1 81 82 82 
2 82 98 98 98 99 114 115 130 131 146 147 147 
4 148 148 
3 25 24 24 24 
1 24 24 24 23 23 
2 38 38 38 38 38 38 37 52 52 52 52 52 52 67 66 66 66 66 66 81 81 81 81 97 97 97 112 112 127 127 142 143 158 173 
1 174 
3 4 
1 19 19 19 
2 19 19 
1 19 19 
3 19 19 19 34 
1 34 34 34 
2 34 48 48 48 48 63 
1 63 
2 78 
1 78 78 
4 78 
3 78 78 38 38 38 
1 38 38 38 38 37 37 37 37 37 37 
3 37 37 37 37 37 36 36 51 51 51 51 51 51 51 51 51 51 51 51 51 
1 66 66 66 66 66 
2 66 66 66 81 81 81 81 81 81 81 81 81 81 81 66 66 66 81 81 81 81 81 82 82 97 97 97 97 97 97 97 97 97 97 97 98 98 98 98 98 83 83 
1 83 83 83 83 83 67 67 67 67 67 67 
3 67 67 67 67 67 66 66 33 33 33 
1 33 48 48 
3 48 
1 48 48 48 47 
2 32 32 
1 32 
3 32 33 48 48 48 48 
1 48 63 63 63 78 78 78 
3 78 93 93 93 94 94 109 62 
1 77 77 77 
2 77 77 
1 78 
3 78 93 19 19 19 19 19 
1 34 34 34 34 34 49 49 49 
2 64 64 
1 64 64 65 
4 80 
3 47 47 47 
1 47 63 63 
2 63 78 78 
1 78 
3 93 93 93 108 108 108 109 109 109 109 109 109 110 110 95 95 95 95 26 26 26 26 
1 26 25 25 25 25 
3 24 39 39 39 39 
1 38 38 38 38 38 37 37 
2 37 37 37 37 37 37 51 51 51 51 51 51 50 65 65 65 65 80 80 80 80 95 95 110 125 
4 140 141 156 156 157 157 158 158 158 159 159 174 175 175 175 175 
3 10 10 10 
1 9 9 24 24 23 23 23 23 23 23 22 22 
3 80 80 80 
1 80 95 95 95 95 95 95 110 111 
3 111 
1 111 112 
3 94 94 94 94 94 95 95 95 95 95 
1 95 95 
2 96 96 96 
1 96 96 96 96 96 96 96 96 96 
4 96 112 
3 50 50 50 
1 50 50 50 50 50 49 49 
2 64 64 64 64 63 63 63 63 63 63 63 63 63 78 78 77 77 
1 77 92 
3 92 93 93 108 47 47 
1 47 47 62 62 62 
3 62 51 50 50 50 50 50 50 65 65 
1 65 80 80 80 80 80 80 95 95 95 95 95 95 95 95 95 80 80 80 95 80 80 
2 95 95 95 95 95 96 96 111 111 112 127 128 143 144 
1 145 
4 145 
3 12 12 11 11 11 11 11 
1 11 11 11 26 26 25 25 25 25 25 25 25 40 40 39 39 39 39 39 39 39 39 38 38 38 38 38 38 38 38 
3 38 38 52 52 67 67 67 82 82 82 98 24 
1 23 23 
2 23 22 22 22 37 36 36 36 36 36 35 35 35 35 35 35 35 49 49 49 49 64 64 64 64 64 
1 79 79 79 79 79 79 94 
3 94 94 94 94 94 94 94 94 109 109 
1 110 95 95 95 95 
2 95 95 96 111 111 111 112 127 143 143 158 158 
3 21 21 21 
1 21 21 21 20 20 35 35 
2 35 
1 35 35 35 35 50 50 49 49 49 64 64 64 64 64 79 79 79 79 94 94 
3 94 
4 109 109 110 110 110 110 
3 124 124 139 140 79 79 79 79 80 80 80 95 95 95 96 96 
1 96 96 81 81 82 82 82 82 97 97 97 98 98 113 113 114 114 129 130 130 145 145 160 175 190 191 
3 52 67 67 67 
1 67 67 67 67 82 82 82 
2 82 82 82 82 97 97 97 97 97 97 113 113 
1 113 113 113 113 113 113 98 99 
3 99 114 114 84 84 84 
1 84 99 99 99 99 
2 99 99 99 99 99 99 114 114 114 114 114 114 114 114 114 129 129 129 
1 129 129 144 144 144 144 
4 145 160 160 159 
3 63 
1 63 63 63 63 63 
2 62 62 77 77 77 77 77 
1 77 77 
3 92 92 92 92 107 107 107 107 79 79 80 
1 80 80 80 80 80 
3 95 95 96 63 63 63 
1 63 63 
2 63 63 63 63 63 63 62 62 62 62 62 62 47 
1 47 
3 81 81 81 81 96 
4 96 96 95 95 
1 95 96 81 81 81 81 81 81 82 82 82 82 82 83 83 98 
4 98 83 83 83 84 
3 84 84 84 
4 99 100 100 100 101 
3 23 23 23 23 37 37 37 37 
1 37 36 36 
3 36 36 36 35 35 35 35 35 35 35 49 49 49 49 49 48 63 63 63 63 63 
1 63 63 62 77 77 77 77 77 
3 77 77 77 77 77 77 77 92 92 92 107 107 108 108 108 109 26 26 26 26 26 
1 26 26 41 41 41 41 55 55 55 55 55 54 54 54 
3 54 26 25 
1 25 25 40 40 40 39 39 
3 25 
1 25 25 25 24 
2 24 24 24 24 24 24 39 39 39 38 38 38 53 53 53 53 53 68 68 68 68 68 83 83 83 83 83 83 98 98 99 99 114 114 
1 114 
3 80 80 80 95 95 95 
1 95 95 110 110 110 110 125 
3 47 
1 47 47 62 63 63 63 63 
2 78 78 78 78 
1 79 
4 94 94 94 94 110 110 111 126 142 142 142 158 158 158 158 159 159 160 160 
3 34 49 
1 49 49 49 49 49 49 64 
4 64 
3 47 47 47 47 47 47 47 
1 47 47 
2 47 47 
3 47 38 38 53 53 
1 53 53 53 53 67 67 67 
2 67 82 82 82 82 82 97 97 97 97 97 97 97 98 113 113 113 113 113 
1 113 113 129 129 129 129 
4 144 145 145 160 160 175 175 190 191 206 206 207 207 
3 39 39 
1 39 54 54 54 54 
3 116 116 116 
1 116 116 116 116 115 
3 115 115 115 115 115 115 115 115 115 115 115 115 115 115 115 115 
1 115 115 115 115 116 116 116 
3 116 116 116 116 116 116 116 117 117 117 117 117 24 24 24 24 
1 23 23 23 23 23 23 37 37 37 
3 37 65 65 65 
1 65 65 65 
2 65 65 65 80 80 80 95 95 110 110 
1 125 
3 66 81 
1 81 96 96 
2 111 126 142 142 
3 64 64 64 79 79 79 79 80 95 95 95 95 95 95 95 95 
1 95 95 
2 110 111 111 126 126 126 126 141 
4 142 142 
3 111 111 111 111 
1 111 126 126 127 
3 142 142 157 158 63 63 63 63 63 62 
1 62 77 77 77 77 77 
3 77 93 93 68 68 
1 68 83 83 84 84 84 84 84 99 99 100 
3 115 64 64 64 64 64 64 
1 64 64 64 64 64 64 79 79 
2 79 79 
1 94 94 
3 109 
1 83 83 83 83 83 82 82 82 82 83 83 83 98 98 
2 98 98 98 98 99 99 99 99 99 99 99 100 100 100 100 100 85 85 85 84 
1 84 84 69 
3 69 69 69 69 69 8 8 7 
1 7 22 22 22 22 22 22 22 22 
3 37 37 37 37 37 37 36 36 36 36 36 36 51 51 51 51 51 51 51 66 
4 80 80 81 81 81 66 65 
1 65 65 65 80 80 80 80 80 80 80 80 80 80 80 96 96 96 
4 97 112 112 
3 27 26 26 26 26 
1 25 25 25 25 24 24 24 24 
2 24 23 23 23 23 23 23 22 22 22 22 22 37 37 36 36 36 36 36 36 36 51 51 51 51 50 65 65 65 65 80 80 79 79 94 
1 94 109 
4 124 140 155 156 156 157 172 172 172 173 
3 19 19 19 19 
1 19 19 
3 19 19 18 33 33 33 33 48 48 25 40 40 40 40 54 54 54 
1 69 69 84 84 84 99 99 99 99 115 115 115 130 
3 25 25 
1 25 25 25 24 24 
2 24 24 24 24 24 24 24 23 23 23 38 38 38 38 38 38 53 53 53 53 68 68 68 83 83 83 83 98 98 98 113 113 129 129 144 160 
3 79 79 64 64 64 
1 79 79 79 79 
2 79 80 95 95 
1 95 95 110 
2 111 111 111 111 111 111 111 111 111 111 111 111 111 111 110 110 110 110 
1 110 110 110 95 
3 95 95 95 95 80 80 80 80 80 80 80 80 80 80 81 81 25 25 
1 25 25 
3 24 24 24 24 24 24 24 24 24 39 38 38 38 38 38 38 38 37 37 37 37 36 36 36 36 48 48 48 48 48 48 
1 48 48 47 
2 47 47 47 47 
1 47 47 47 47 47 47 
3 47 47 47 47 47 47 48 48 48 48 48 48 63 63 63 63 63 63 63 24 24 23 23 
1 23 23 23 23 23 23 38 38 38 37 
3 37 37 37 37 37 37 37 37 36 36 36 26 26 26 26 26 25 10 10 10 
1 10 10 25 25 25 24 24 24 39 39 39 39 39 39 39 39 54 53 
3 53 23 23 23 23 23 23 22 22 
1 22 22 22 22 22 22 22 
3 21 21 21 21 21 48 48 48 48 48 48 48 48 
1 48 48 48 48 48 48 48 48 
2 63 63 63 63 78 78 
1 78 
3 79 94 94 94 94 94 
1 94 95 110 110 125 
3 81 81 
1 81 81 81 81 81 81 96 97 97 97 97 97 97 97 97 97 97 97 112 113 113 113 128 
4 128 129 129 129 129 145 145 145 130 130 130 
3 130 130 130 130 130 130 130 130 130 26 
1 26 26 26 26 25 25 40 40 40 39 39 39 39 38 38 
2 38 38 53 53 52 52 52 52 52 67 67 67 67 67 67 66 81 81 81 81 81 81 81 81 81 
1 81 81 81 81 81 96 96 96 96 111 111 111 111 112 97 97 97 97 97 97 97 
2 113 113 128 128 129 
1 144 144 
4 159 175 175 
3 24 24 23 23 
1 38 38 37 37 37 
2 37 37 37 36 36 51 51 51 51 51 51 51 66 66 66 81 81 96 96 96 111 111 126 127 
1 142 157 158 
3 9 9 9 8 
1 8 8 8 8 7 7 7 22 
2 22 21 21 21 21 21 20 20 20 20 35 34 34 34 34 34 33 48 48 48 48 48 62 62 62 62 62 62 
1 62 
3 62 26 26 26 25 25 25 25 
1 40 40 40 40 40 55 55 55 69 69 69 84 
2 84 84 84 99 99 99 99 114 114 114 115 115 130 
1 131 131 132 
3 78 78 78 78 
1 78 78 78 78 
3 79 94 94 94 94 109 109 109 125 125 
7 7 22 22 
1 22 21 21 21 20 20 20 20 34 34 34 
2 34 
1 34 48 48 48 48 48 48 63 63 63 63 63 63 63 63 63 63 62 
2 77 77 77 
1 77 77 77 76 
3 76 76 26 
1 26 26 26 25 
2 25 25 25 25 25 25 40 40 40 40 40 
1 40 40 40 40 
3 40 40 40 40 40 40 39 39 39 39 39 53 53 53 53 53 52 52 67 67 66 66 66 66 66 66 65 9 9 9 8 8 8 8 7 7 
1 7 7 7 21 21 21 21 21 21 35 35 
3 35 48 48 48 48 48 48 
1 48 48 48 63 
2 63 64 64 79 
1 79 79 
3 79 94 94 94 109 110 110 125 125 126 126 9 9 8 23 23 23 
1 23 22 22 22 22 22 
3 21 21 11 11 11 
1 10 10 10 10 
2 25 25 24 24 24 24 24 39 39 39 39 54 54 54 54 
1 69 69 69 84 84 84 
3 99 99 114 129 39 39 
1 38 38 38 53 53 53 53 67 67 67 82 82 
2 82 83 83 83 83 83 84 84 
1 84 100 100 100 100 100 100 100 100 100 100 100 115 115 115 115 115 115 115 115 115 115 115 115 115 116 101 101 101 101 101 101 101 
8 101 86 
1 86 86 86 86 86 85 100 100 85 85 85 85 85 85 85 85 85 85 85 85 
2 85 85 85 
1 85 
2 100 99 99 114 114 114 114 114 
1 99 99 99 99 99 99 99 99 99 99 99 100 100 100 100 100 100 100 115 115 115 115 116 
3 23 23 23 
1 23 23 23 23 22 22 
2 22 22 22 37 37 37 37 37 52 52 52 52 67 67 67 67 67 82 82 82 82 97 97 97 112 113 113 128 128 
1 128 143 
3 95 95 95 95 80 80 80 80 80 80 80 80 80 80 
1 80 80 80 80 
2 80 80 80 
1 80 95 95 
2 96 96 111 111 111 111 111 126 126 126 127 
4 142 
3 24 24 24 24 23 23 23 
7 22 22 
1 22 21 21 21 21 20 20 20 19 19 34 34 34 34 33 33 33 33 33 33 
3 33 33 79 94 
1 94 94 94 94 95 95 95 95 110 110 110 110 111 126 127 
3 12 12 
1 12 26 26 26 
2 26 26 26 25 25 25 40 40 40 40 39 39 39 54 54 54 54 54 69 69 69 84 84 99 99 99 100 115 
1 115 115 115 115 115 
3 116 116 
4 116 116 116 117 117 117 117 117 117 118 
3 118 118 79 94 94 95 95 
1 95 95 95 95 95 96 96 96 96 96 97 97 97 
2 98 98 98 98 99 99 114 
1 115 115 130 131 
3 33 
1 33 33 33 
3 33 22 22 22 22 21 
7 21 21 21 35 35 35 35 35 34 34 34 34 34 34 49 
3 49 49 48 48 
1 48 48 48 48 63 63 63 63 63 63 63 63 78 
3 79 79 94 95 110 95 95 80 80 80 80 80 80 
1 80 95 95 95 95 96 111 111 126 126 141 142 
3 79 79 80 80 80 95 
1 95 95 95 95 95 95 95 95 95 110 110 110 110 110 110 125 
4 125 126 141 141 141 141 
3 9 9 24 
1 24 24 24 24 24 
2 24 39 39 39 39 39 39 
1 54 54 54 54 54 54 54 54 54 54 69 69 69 69 84 84 84 84 
2 84 99 99 99 
1 99 99 99 100 100 
3 100 100 33 33 33 33 33 33 33 48 48 48 48 48 48 63 64 64 79 79 79 79 
1 94 94 95 95 95 95 111 111 111 111 111 112 112 112 112 112 112 
3 32 
1 47 47 47 80 80 80 80 80 80 95 95 95 95 95 95 95 110 110 110 
3 33 33 
1 49 49 49 64 64 
4 64 
1 112 112 112 113 113 113 113 
2 129 
1 129 129 
3 95 95 
1 95 110 110 110 110 
3 125 125 126 65 65 
1 65 80 79 79 79 
3 79 64 64 64 63 63 63 63 
1 63 63 62 62 
2 62 62 
1 62 
3 62 83 83 83 
1 83 83 83 83 83 83 82 82 82 82 
2 82 82 97 97 82 97 97 97 97 82 82 
1 82 82 66 66 66 
3 66 66 51 51 51 51 
1 50 65 65 65 65 65 80 65 
3 65 81 81 98 97 97 
1 97 98 113 113 113 
3 24 24 24 24 
1 23 38 38 38 
3 38 38 38 53 52 52 68 68 68 68 83 83 84 37 37 36 36 36 36 36 36 36 36 36 36 36 35 20 20 35 35 
1 35 35 35 35 35 50 50 50 50 49 49 49 49 49 49 49 64 64 
2 65 65 80 80 
4 95 95 110 110 126 126 141 156 172 187 187 202 
3 34 34 34 34 
1 34 34 33 33 33 33 33 48 
2 47 47 47 47 32 
1 32 
3 39 53 53 53 52 52 52 52 67 66 81 81 82 97 
1 97 97 112 112 113 128 128 129 
4 144 159 159 
1 99 99 99 99 99 99 98 98 98 98 98 83 83 83 83 83 83 83 82 
2 82 82 81 81 81 81 80 80 95 95 
1 95 95 110 110 111 126 
4 141 142 
3 63 63 
1 63 63 78 78 78 78 78 78 78 78 78 
4 78 78 78 
3 93 93 93 64 64 64 
1 64 64 64 64 79 
3 79 79 79 79 79 79 79 79 94 94 94 94 94 70 
1 70 69 69 69 69 69 69 69 69 69 69 69 69 69 54 54 54 54 54 54 54 54 54 53 53 53 53 53 
3 53 53 53 68 67 67 24 24 23 
1 23 38 38 37 37 37 37 36 36 51 51 51 66 66 66 81 81 81 
3 81 96 78 78 78 78 
1 77 77 77 
3 77 77 77 77 9 23 
1 23 23 23 23 
2 22 37 37 37 37 37 37 36 36 36 51 51 51 51 51 51 51 66 66 66 82 82 82 97 97 97 97 112 113 
1 113 113 113 113 114 114 114 114 114 114 114 115 115 115 115 130 
4 131 131 146 146 146 147 147 147 147 147 162 162 162 
3 162 162 26 26 26 26 26 25 25 25 25 25 24 24 24 24 24 24 
1 23 23 23 23 38 38 
2 37 37 37 37 37 37 52 
1 52 51 51 
2 51 51 51 51 51 51 51 51 51 66 65 65 65 65 65 65 65 65 80 80 79 94 94 94 
1 109 
3 109 109 124 124 124 124 124 124 139 140 140 140 140 51 50 
1 50 50 50 50 50 50 50 
2 65 65 65 65 65 65 65 65 65 64 64 79 79 79 79 79 94 95 95 95 95 95 95 
1 95 95 95 95 95 95 95 95 95 95 95 95 95 95 95 95 95 94 
3 109 109 109 109 109 109 109 124 124 124 125 125 140 62 
1 62 62 62 63 63 63 78 
3 78 78 93 36 
1 36 35 35 35 35 35 50 49 49 49 49 49 64 64 64 64 64 64 79 79 79 79 79 79 79 79 79 79 79 79 79 78 78 
3 78 78 78 78 78 78 93 93 93 93 93 93 93 93 109 109 109 47 
1 47 47 47 47 
3 47 11 11 10 10 25 
1 25 24 24 24 24 23 23 
2 23 23 23 
1 22 22 37 37 37 36 36 36 36 36 36 36 36 36 35 35 35 35 50 
3 50 50 50 49 49 49 49 49 49 
1 49 49 49 49 49 49 
2 49 49 49 64 64 63 63 63 63 78 78 78 93 
1 93 93 109 109 
3 125 26 11 
1 11 26 26 25 
2 25 25 25 24 24 24 24 24 23 38 38 38 38 37 37 37 37 52 52 52 52 52 67 67 67 67 82 82 97 97 97 112 112 112 112 112 112 
1 112 112 111 111 111 111 111 127 127 
3 127 127 127 127 48 48 48 48 48 
1 63 63 63 63 63 63 63 77 77 77 77 77 77 77 77 
3 77 77 23 22 22 37 
1 37 
3 37 37 37 33 33 33 33 48 48 
1 49 49 49 
2 64 64 64 
1 64 64 64 79 79 79 79 79 79 79 79 79 79 94 
3 94 94 94 94 94 94 94 94 94 94 94 94 94 94 94 94 94 94 94 94 94 95 110 110 52 52 52 52 52 
1 51 51 51 51 66 66 66 81 81 
2 81 96 96 97 97 97 97 98 98 98 98 98 98 98 98 113 113 113 113 113 113 114 114 114 114 114 
1 114 114 113 113 113 113 128 128 128 129 
4 129 129 129 
3 64 64 64 64 64 64 64 79 79 79 79 79 79 79 79 94 95 95 
1 110 111 111 111 112 112 
3 20 20 20 19 19 19 19 19 34 34 
1 34 34 33 48 48 48 48 48 63 63 63 64 64 79 79 79 80 95 
4 96 97 112 113 128 144 159 159 
3 81 81 81 81 96 96 96 96 
1 96 96 
3 33 47 
1 47 47 47 47 
3 47 47 21 36 36 35 35 35 35 35 34 
1 34 34 34 
2 34 34 34 34 34 34 33 33 33 33 
1 33 33 33 
3 32 32 32 32 32 
1 32 31 
3 26 26 
1 26 26 26 26 
2 25 25 25 25 40 40 39 39 54 54 54 69 69 69 
1 84 84 84 84 84 84 84 84 84 
3 84 84 84 84 84 84 84 84 84 84 84 99 99 99 99 98 22 22 22 22 
1 37 36 36 36 36 51 50 50 50 50 65 
2 65 65 65 80 80 80 96 96 96 
1 96 97 112 112 113 113 114 
3 114 115 115 130 
1 64 63 63 63 63 62 62 
2 62 
1 62 
3 63 62 
1 62 62 62 77 
3 77 77 77 77 77 25 40 40 40 
1 40 40 40 40 40 40 40 
3 40 40 40 
1 40 41 41 41 41 56 
2 56 56 
1 56 55 70 70 
3 70 70 70 70 70 85 85 85 85 85 25 24 
1 24 39 39 39 39 54 
2 54 69 69 69 69 84 84 84 84 99 99 99 114 129 144 
3 63 63 63 63 63 63 63 63 
1 63 78 78 78 
3 78 65 65 80 79 
1 79 79 79 79 79 95 95 95 95 110 110 
3 34 34 
1 34 34 33 33 
2 33 
1 33 33 
3 33 33 
1 48 48 47 47 47 47 
2 47 
1 47 
3 47 46 46 46 11 11 11 11 11 26 
1 25 25 25 25 25 25 25 
2 24 24 24 24 24 24 39 39 38 38 38 38 38 38 38 37 37 37 37 37 37 37 36 36 36 36 36 36 51 51 51 51 51 66 66 65 65 65 80 80 96 96 111 111 126 127 142 
4 158 173 188 189 189 
3 19 19 19 19 19 19 19 19 19 
1 34 34 34 34 34 34 
2 34 34 34 34 34 34 49 49 49 49 49 49 64 65 
4 65 65 65 
3 48 48 63 
1 63 63 63 
2 78 77 77 
1 77 77 
3 77 92 92 50 50 49 
1 49 49 64 
2 64 63 63 63 78 78 78 78 79 79 79 79 79 79 78 78 78 
1 78 78 
3 93 92 92 92 107 108 26 25 25 25 
7 25 24 24 24 24 24 
3 39 38 38 38 38 
1 38 38 53 53 53 53 
2 68 68 68 68 83 83 83 84 84 84 84 99 100 100 100 100 100 100 
1 100 100 100 100 100 
3 100 34 34 34 
1 34 49 49 
3 49 50 
1 50 
3 50 8 8 22 22 22 22 22 21 36 36 
1 36 51 
2 51 51 51 51 51 51 51 51 51 51 51 51 51 50 50 50 65 65 65 65 65 65 80 80 80 80 80 80 80 65 65 65 65 65 64 64 64 64 64 64 64 63 63 63 78 78 78 
1 93 93 
3 93 93 93 108 108 108 109 4 19 19 19 19 19 
1 19 19 19 19 19 19 19 
3 34 33 33 33 33 33 33 
1 70 70 70 54 54 54 54 39 54 54 54 
3 69 69 70 22 
1 22 22 22 22 22 22 22 22 22 37 37 37 37 52 52 52 
3 111 111 111 111 
1 111 111 111 111 111 111 
3 112 127 127 52 52 52 
1 52 52 52 52 52 52 
2 67 67 67 67 67 82 82 82 82 82 82 82 82 82 82 82 82 97 97 97 98 113 113 113 114 114 114 115 115 116 116 117 
4 117 133 163 163 178 192 177 177 177 162 162 162 
3 148 163 163 96 96 
1 97 97 97 97 82 82 
2 82 82 83 83 83 98 98 98 114 114 
1 130 
4 130 131 132 147 147 163 
3 24 24 24 24 39 39 39 54 
1 54 54 54 69 69 69 69 84 
2 84 85 
1 85 85 100 99 99 99 
2 84 84 84 84 83 83 83 83 83 83 83 82 82 82 82 82 82 97 97 97 112 112 
1 128 128 143 
4 159 174 189 205 205 206 207 207 
3 63 63 63 63 63 63 63 78 
1 77 77 
3 77 77 77 77 92 92 92 92 92 92 80 
1 80 80 80 80 80 95 95 95 95 95 110 
2 110 126 126 142 
4 157 157 157 158 173 173 188 188 
3 187 202 67 67 67 66 
1 66 81 81 81 81 81 96 96 97 112 112 112 
3 128 128 50 50 65 
1 65 65 64 64 64 64 
2 64 64 64 64 64 64 64 63 63 63 63 63 63 78 78 78 
1 93 93 
3 93 108 108 50 65 65 65 
1 64 64 64 64 64 64 79 79 79 79 79 79 94 94 95 95 95 95 
3 96 111 27 27 26 26 26 26 25 25 25 25 9 9 9 9 9 23 
1 23 23 23 23 22 37 
2 37 37 37 52 52 52 52 51 51 51 66 66 66 66 66 66 66 81 80 80 80 80 80 80 79 79 79 79 79 79 79 79 79 
1 79 79 79 79 79 79 79 94 94 94 94 95 110 
4 110 126 126 141 142 142 
3 68 67 
1 67 82 82 82 82 82 82 82 82 
2 82 82 97 97 97 97 112 112 
1 127 142 
4 143 158 
3 63 63 63 63 63 63 77 
1 77 77 77 
3 77 77 24 23 
1 23 23 23 23 
2 22 37 37 37 36 36 36 36 36 
1 50 50 50 50 
3 10 10 10 
1 25 25 25 25 25 25 25 40 
3 40 40 40 40 40 40 39 
1 39 39 39 39 39 38 53 53 53 
2 53 52 52 52 52 52 52 51 51 51 51 51 50 50 50 50 50 50 50 49 49 49 49 49 49 49 49 63 63 63 63 63 63 63 63 63 62 77 77 77 
1 77 92 92 
4 108 123 124 140 
3 8 8 
1 7 22 22 22 22 22 
2 22 37 37 36 36 36 36 
1 36 36 36 51 51 51 51 51 66 66 66 81 
2 81 97 
1 97 112 
3 66 66 81 81 81 82 
1 82 97 
2 97 
1 113 113 128 
3 66 66 
1 66 66 66 81 81 81 81 
2 81 96 96 96 81 81 81 
1 96 96 95 95 95 110 110 
3 110 33 33 33 48 48 63 
1 63 63 63 
2 78 
1 78 78 
3 78 93 93 94 94 109 109 110 110 110 125 125 125 140 140 141 141 156 23 
1 23 23 23 22 
2 22 22 22 22 
1 22 22 22 22 22 22 22 22 21 21 36 36 36 36 36 36 
2 51 51 51 51 51 51 66 66 66 67 67 67 67 67 67 67 67 67 67 82 82 82 97 112 112 128 
1 128 
4 143 144 160 161 161 161 147 147 147 148 163 163 
3 64 64 64 79 79 79 79 94 95 95 
1 95 95 
2 111 111 111 
1 112 112 112 
2 113 128 128 129 129 129 130 130 
3 130 130 27 26 26 26 26 25 
1 25 25 25 25 25 24 24 39 39 39 39 39 
2 54 54 54 54 69 69 84 84 99 99 99 99 99 99 99 99 99 99 99 99 99 99 99 99 99 99 99 99 99 99 99 99 99 114 114 115 115 130 131 131 131 132 
1 117 
3 117 69 69 69 
1 69 69 69 84 84 84 84 
2 84 84 84 84 84 84 84 84 84 84 99 99 99 99 99 99 99 99 98 98 98 98 
1 113 65 65 65 65 65 65 80 80 80 80 
3 63 63 
1 63 63 63 63 63 78 
2 78 78 
1 78 
3 78 78 78 78 93 93 93 93 94 94 94 94 24 24 24 
1 23 23 23 37 37 37 36 51 51 51 66 66 66 66 66 81 81 81 81 
3 81 27 27 26 26 26 26 26 
1 26 26 25 25 25 
2 25 25 25 
1 25 25 25 40 39 39 39 39 39 39 38 38 53 
2 53 53 68 68 67 67 82 82 82 82 82 82 82 97 97 97 97 97 97 112 113 
1 113 
3 95 95 95 95 95 
1 110 110 110 111 126 126 127 142 
4 142 
1 79 79 79 79 79 79 79 79 
2 79 79 79 79 94 94 94 94 94 94 94 94 94 
1 94 94 94 94 95 110 110 110 126 126 
3 50 
4 50 50 
1 65 65 65 65 80 80 80 80 95 95 95 111 111 126 
4 127 
3 32 32 32 32 47 47 
1 47 47 62 62 62 62 77 
3 77 77 92 92 92 92 107 107 19 19 19 19 19 19 19 19 19 
1 19 19 34 34 34 34 34 34 34 34 35 50 50 50 49 49 49 49 64 64 64 64 64 64 64 79 79 80 
2 80 95 95 95 
1 95 95 80 80 80 80 
3 80 79 79 79 79 79 65 65 65 65 65 
1 65 65 65 65 65 65 65 
2 65 65 80 80 80 80 80 80 95 95 95 95 95 95 95 110 110 110 110 95 111 111 111 111 111 112 127 127 
1 127 127 127 127 127 127 
4 127 127 127 127 127 128 
3 128 128 129 24 
1 23 23 23 38 38 37 37 37 37 52 52 51 51 51 66 66 66 66 66 66 66 66 66 66 
2 66 66 66 66 66 66 66 66 66 66 
1 66 66 66 66 66 81 81 81 81 81 81 81 81 81 81 81 96 96 96 96 96 96 111 112 112 112 127 127 127 142 
3 62 62 62 62 
1 62 47 62 62 62 62 77 77 77 
3 77 77 77 77 77 77 92 9 9 
1 9 8 8 8 8 7 7 7 7 7 6 6 6 6 5 5 5 5 
3 4 4 4 
1 4 4 4 
3 19 18 4 4 19 19 19 19 19 19 19 34 34 34 34 34 34 34 34 19 19 19 19 19 19 
1 19 19 19 19 
2 19 19 
1 19 19 20 20 35 35 35 35 35 35 35 35 
3 35 35 34 
1 34 34 34 34 34 34 49 49 
3 49 10 10 9 9 24 24 24 24 24 23 23 23 23 
1 23 23 23 38 38 37 37 
2 37 37 37 37 37 36 36 36 36 36 36 35 35 35 35 35 50 50 49 49 49 49 49 49 
1 49 64 
2 64 64 64 64 64 64 64 64 64 64 64 64 64 64 48 48 48 48 48 48 48 48 48 47 47 47 47 47 47 47 47 
1 47 
3 47 47 22 22 
1 37 37 37 52 52 52 52 52 52 52 36 36 
3 36 36 36 36 
1 51 51 51 51 
2 51 51 51 51 51 50 50 50 50 50 49 49 49 64 64 63 63 63 63 78 78 78 79 
1 94 94 95 95 95 
3 21 21 21 21 21 
1 21 21 
3 21 20 20 20 
7 20 19 19 34 34 34 34 33 
1 33 33 33 33 33 34 34 
3 33 33 33 33 34 34 66 66 66 
1 66 66 66 66 66 66 66 66 81 81 81 81 81 
2 81 96 96 111 111 127 
3 37 
1 37 37 37 36 36 36 51 51 51 51 
3 51 51 50 50 50 50 50 50 49 49 49 24 24 24 24 38 
1 38 38 53 53 52 52 52 52 67 67 67 
3 67 10 9 24 
1 24 24 23 23 23 23 37 37 37 37 52 52 52 51 51 66 66 66 66 
2 66 66 65 65 65 65 65 64 64 64 64 64 63 63 78 78 78 78 
1 78 78 
3 93 93 93 93 70 70 69 69 69 69 69 69 84 84 
1 84 83 83 98 98 
3 12 27 
1 26 26 26 26 26 25 25 
2 25 25 25 24 39 39 39 39 39 38 38 38 
1 53 53 53 53 
2 68 67 67 82 82 82 97 97 97 97 97 112 113 113 113 113 114 
1 114 114 114 114 114 114 114 114 99 99 99 99 99 98 98 98 98 98 
2 98 98 98 98 98 113 113 113 113 113 113 113 113 128 128 129 144 144 
1 159 
4 175 190 190 206 221 
3 222 237 11 11 11 11 10 10 
1 10 10 10 25 25 25 
2 39 39 39 54 54 54 54 
1 69 69 69 84 
2 84 83 83 83 83 83 83 83 98 98 98 98 98 98 98 98 98 98 113 113 113 113 113 113 128 128 
1 128 128 143 144 144 
3 9 8 8 8 23 
1 22 22 22 37 37 37 37 52 52 51 51 51 
3 51 51 51 
1 94 79 79 79 79 79 79 79 79 79 79 79 
3 80 25 25 25 39 39 39 39 39 39 39 54 
1 53 53 53 53 
3 53 53 53 52 52 52 52 52 52 52 
1 52 67 66 66 66 66 81 81 81 81 80 80 80 95 95 95 
2 95 96 111 111 111 111 111 111 111 112 112 112 
1 112 128 
3 63 63 63 63 
1 63 63 63 63 
2 63 78 77 77 
1 77 
3 77 92 92 92 93 108 
1 63 63 63 63 63 63 78 78 78 78 78 78 78 78 78 78 78 78 78 79 79 79 79 79 79 
3 79 79 79 64 64 79 79 79 
1 79 94 94 94 95 95 
3 110 110 110 111 
4 111 112 113 113 129 129 
3 20 
1 20 19 19 19 19 19 33 33 
3 33 33 33 33 94 95 80 
1 80 80 80 80 80 95 95 95 95 96 
3 111 111 111 111 112 
1 80 80 80 95 95 95 95 95 95 95 95 110 110 110 110 110 110 126 126 
3 8 8 8 8 8 
1 8 
2 7 7 22 22 22 7 7 
1 22 22 22 22 22 22 22 
3 21 21 21 21 21 21 64 64 64 64 64 64 
1 64 64 79 79 79 94 94 
3 94 79 79 79 79 79 79 79 
1 64 64 64 79 80 80 80 80 80 80 80 80 95 95 95 95 
3 95 111 111 111 112 66 66 66 
1 66 66 81 81 81 81 82 
3 23 
1 38 38 37 37 37 37 37 37 
3 52 51 51 51 51 51 51 51 51 51 51 50 50 36 
1 36 35 35 35 
3 50 50 50 65 41 41 41 41 41 55 55 55 
1 55 55 54 
2 69 69 69 69 69 84 84 84 84 84 84 83 83 83 
1 83 83 83 83 
2 83 98 98 98 98 98 98 98 99 114 114 129 130 130 
1 50 50 50 50 
2 50 65 65 64 64 64 
1 79 79 
2 79 78 78 78 
1 78 93 
3 93 93 93 93 108 108 108 109 66 
4 66 66 
1 66 81 
2 81 82 82 82 97 97 97 112 
1 112 128 128 143 143 143 
4 144 144 144 145 145 146 146 147 132 133 
3 133 27 27 
1 27 27 27 42 41 41 56 56 56 
3 71 51 51 
1 66 66 66 66 
2 66 82 82 82 82 
1 82 
3 79 79 95 95 95 95 95 95 95 
1 95 95 80 80 80 79 79 79 
3 79 79 79 79 79 78 21 21 
1 20 35 35 
2 35 35 35 
1 35 35 35 35 35 35 35 35 34 34 34 
2 34 34 49 49 49 49 49 63 63 63 78 78 78 
1 78 78 
3 92 92 92 92 92 92 92 92 108 108 123 123 25 25 25 
1 25 24 24 24 39 39 
2 38 38 38 38 38 38 38 37 37 37 37 37 37 52 52 52 51 51 51 51 51 66 66 66 66 81 81 81 96 96 96 112 112 112 127 128 143 143 159 
4 160 175 175 191 
3 10 10 9 24 24 24 24 24 
1 24 24 24 24 
2 39 38 38 38 38 38 38 37 37 37 52 52 52 52 51 51 51 66 66 66 65 65 65 80 80 80 95 95 111 126 127 143 
4 158 
3 80 80 80 95 95 95 
1 96 111 111 111 112 112 128 128 128 128 
4 143 143 
1 97 97 97 97 97 97 97 97 82 82 82 67 67 67 52 52 52 52 68 83 83 98 97 97 97 97 97 97 97 97 97 83 
2 83 83 83 83 83 83 83 67 67 67 52 
1 52 51 51 51 
3 51 19 19 19 
1 19 19 34 33 33 33 33 33 33 33 32 32 32 32 32 32 32 32 
3 32 
1 98 113 114 
2 113 113 114 114 114 114 115 130 130 
3 20 19 19 
1 19 19 19 19 19 19 
2 19 19 19 34 34 34 34 34 34 34 34 34 34 34 33 33 33 33 33 33 33 33 
1 33 33 18 18 18 18 18 18 
3 18 18 18 18 33 33 33 32 32 32 33 33 
1 48 48 
3 48 
1 48 48 64 64 64 
4 64 80 95 96 111 112 127 128 144 145 160 161 176 177 193 208 
3 40 40 40 40 54 
1 54 54 54 54 54 53 53 53 53 53 53 53 53 53 53 52 
3 52 52 52 52 52 52 67 
1 67 67 67 
2 67 81 81 81 96 96 111 111 111 112 127 128 128 129 
3 22 21 21 
1 21 21 20 35 35 35 
2 35 34 34 34 49 49 49 64 64 79 79 94 
1 94 
4 110 110 
3 68 68 68 83 
1 82 83 98 98 99 114 115 115 115 116 
3 116 116 8 7 
1 7 22 22 21 21 21 21 21 
3 20 20 20 27 27 26 
1 26 26 26 26 26 
2 26 26 26 25 25 25 25 25 25 25 25 25 25 40 40 40 40 39 39 39 39 39 39 39 53 53 53 53 53 53 68 68 68 83 83 83 98 98 98 98 113 113 113 113 128 128 128 144 144 
1 144 160 160 
3 52 51 51 
1 51 51 51 51 
2 51 51 66 66 66 66 81 81 81 
1 81 81 81 81 
3 81 81 26 26 
1 26 26 26 26 26 26 41 
2 40 40 40 40 40 40 55 55 54 54 54 54 68 68 
1 68 68 83 83 83 98 98 98 98 98 98 98 98 99 99 
3 99 99 99 99 99 99 99 99 99 84 84 84 39 
1 39 39 39 39 
3 39 39 39 39 39 38 38 53 66 
1 66 81 81 81 
2 81 96 97 
3 23 23 38 
1 38 38 38 37 37 37 
3 10 
1 10 10 10 10 9 24 24 24 23 23 23 23 38 38 38 37 37 37 52 52 53 53 53 
3 53 23 23 22 22 
1 22 37 37 37 37 37 37 37 36 36 36 36 21 21 36 36 36 36 36 35 35 35 35 35 35 35 35 35 35 50 50 50 50 50 49 49 49 49 49 64 64 64 64 64 64 64 63 63 63 63 63 63 63 78 78 
2 78 78 78 78 78 78 78 78 78 78 78 78 
1 78 78 78 78 78 78 78 78 93 
3 93 93 92 92 107 107 63 63 78 78 78 78 78 78 78 78 78 78 78 78 78 78 63 63 
1 63 63 63 62 
2 62 62 62 62 77 77 
1 77 77 77 62 62 62 62 62 62 
3 62 25 25 25 
1 40 39 39 39 39 38 38 38 38 
2 38 52 52 52 52 52 52 66 66 66 66 66 81 81 81 81 81 81 96 96 95 95 95 95 95 95 110 110 110 110 110 110 111 111 96 96 96 
1 96 96 96 111 111 111 126 127 142 143 
4 158 159 175 175 190 191 192 192 193 
3 83 83 
1 83 83 83 98 98 98 98 98 98 98 83 83 83 83 83 83 82 82 
2 82 82 82 82 82 67 67 67 66 66 66 
1 66 66 66 66 66 81 81 81 81 
3 81 81 81 
1 81 81 81 81 81 81 81 81 81 81 81 81 80 80 80 
3 80 95 95 95 95 
1 95 95 95 95 95 95 95 95 80 
3 80 80 80 80 80 80 79 79 79 79 
1 79 79 94 
3 94 
1 95 
3 19 19 19 19 19 34 34 
1 34 34 34 34 34 
2 49 49 49 49 49 49 49 50 65 65 65 81 81 81 81 97 97 97 97 97 97 97 97 97 97 97 97 98 98 98 98 98 98 114 114 114 130 
1 130 145 
4 146 146 162 162 178 178 179 
3 33 48 
1 48 47 47 47 47 62 63 63 63 62 62 
2 77 77 
1 77 
3 92 63 63 63 63 63 63 
1 63 63 78 79 79 79 94 95 95 95 95 
3 26 26 26 26 26 26 26 25 25 25 25 25 40 
1 40 40 39 39 39 39 39 39 39 39 38 38 38 38 
3 38 37 37 63 63 78 78 78 63 
1 63 79 79 
3 79 64 79 79 79 79 79 79 79 95 95 23 23 22 37 37 37 37 37 37 37 51 51 51 66 66 66 65 80 80 80 
1 95 95 95 95 96 96 96 96 96 96 111 111 112 112 112 127 128 
3 48 48 
1 48 48 47 
2 47 47 47 47 47 47 
1 47 
3 100 100 
1 100 116 116 
4 131 
3 8 7 7 
1 22 22 22 21 21 21 
2 21 36 35 35 35 
1 50 50 50 50 65 65 80 
2 81 96 97 112 128 144 
3 20 
1 20 20 20 20 20 20 35 35 35 35 35 50 
4 51 51 66 66 67 67 82 83 81 
1 81 81 96 96 96 96 
3 48 48 
1 48 48 48 48 48 63 63 63 
2 63 78 
1 78 
3 78 78 93 92 95 95 95 95 
1 96 96 96 111 111 111 
2 111 111 111 111 111 
1 111 112 112 112 113 113 
3 33 33 33 33 33 33 33 48 48 48 
1 48 48 48 63 
2 63 63 63 63 63 63 63 63 63 63 63 
1 63 63 63 48 48 48 
3 48 48 48 48 48 48 48 48 33 33 68 68 67 67 67 67 67 67 67 
1 67 67 68 68 68 
2 68 68 68 84 99 99 99 114 115 115 130 130 130 146 146 146 
4 146 146 147 147 147 147 132 132 
3 24 23 23 23 23 22 22 22 22 22 
1 47 47 47 47 47 47 
3 47 
4 144 144 144 129 129 129 130 130 130 130 130 115 115 115 115 115 115 115 115 130 130 130 130 130 
1 115 115 115 116 116 131 132 147 147 162 
4 162 163 
3 37 37 37 
1 37 37 36 51 51 51 51 51 51 65 65 80 
3 51 50 
1 50 
4 50 51 51 
1 51 51 52 52 67 68 
3 22 22 22 22 
1 22 21 21 21 36 
2 36 36 35 35 35 35 35 35 34 34 34 34 49 48 48 48 48 48 48 48 47 47 62 62 62 
1 62 62 
3 61 61 61 76 76 92 92 107 123 23 22 22 22 22 21 
1 21 21 21 21 35 35 
3 35 20 20 19 19 19 34 34 34 34 34 34 33 33 33 33 
1 98 98 98 98 98 98 98 98 113 113 
2 113 113 113 113 128 128 144 144 160 
4 161 176 
3 63 63 63 63 62 
1 62 47 47 47 47 47 47 
3 42 42 
1 42 42 42 42 57 
3 57 56 56 56 56 56 77 
1 77 62 62 77 77 77 
3 77 77 77 77 77 77 77 77 77 77 62 62 62 62 111 111 
1 111 111 126 127 127 127 142 143 143 
3 27 26 26 26 26 26 
1 25 25 25 25 25 24 39 39 39 38 38 38 38 37 37 37 
2 37 37 37 36 36 36 51 51 51 51 50 50 65 65 65 80 80 80 95 95 110 110 
1 110 126 
2 126 141 
4 157 157 157 172 
3 66 
1 66 80 80 80 95 96 111 111 
2 127 127 143 144 
4 144 145 146 146 147 147 148 148 148 
3 40 39 39 39 39 39 54 
1 53 53 53 68 68 68 68 82 82 82 82 97 97 112 
2 112 112 127 128 
1 143 143 
4 143 
3 26 26 26 26 
1 26 26 25 40 
3 40 40 40 40 40 39 39 39 39 39 39 39 53 53 53 53 53 53 53 68 68 67 23 23 23 23 23 23 22 22 22 22 37 36 36 36 36 36 51 50 50 50 50 50 65 65 65 79 
1 79 79 94 95 110 110 125 125 
4 140 
3 95 
1 95 95 95 95 95 95 95 95 95 95 95 95 110 110 110 
3 65 79 79 79 79 79 94 94 95 95 
1 110 110 111 127 
3 19 19 19 19 19 19 19 34 
1 34 34 34 
2 34 34 34 34 34 34 34 33 33 33 33 
1 33 33 48 48 48 
3 48 48 22 22 22 22 22 22 22 22 
1 21 21 21 21 21 
2 21 21 21 36 36 36 36 36 35 35 35 35 35 35 35 
1 35 35 35 34 34 34 34 34 
2 34 34 34 34 34 34 34 34 48 48 48 48 48 48 48 48 48 47 47 47 47 62 62 62 62 62 62 62 
1 62 62 62 62 
3 62 80 80 
1 95 
2 95 111 126 142 
4 142 143 
3 65 
1 65 65 65 65 
3 65 65 65 65 54 53 53 53 
1 53 68 68 68 53 52 52 52 52 52 52 51 
3 51 51 25 25 24 24 24 
1 24 24 39 39 39 39 54 54 54 54 53 53 68 68 68 
3 83 83 83 98 98 26 
1 26 26 26 26 26 26 25 25 25 25 25 25 25 40 40 
3 40 40 39 39 39 39 39 39 39 39 39 38 38 38 38 38 23 23 38 38 38 38 52 52 67 67 67 83 
1 83 83 
3 83 83 83 98 98 98 98 97 97 97 112 22 
1 21 21 21 21 36 36 36 35 35 
3 53 
1 53 53 67 
2 67 67 67 67 67 82 82 82 82 82 82 83 83 83 83 83 83 83 83 83 83 83 83 83 98 98 98 113 128 
4 128 143 159 159 
3 12 12 11 11 11 11 11 11 
1 10 25 25 25 25 24 24 24 
2 24 23 23 38 38 38 38 37 37 37 37 52 52 52 52 52 52 51 66 66 66 66 66 66 66 81 81 80 80 80 95 95 95 111 111 111 127 127 
4 128 144 144 160 161 176 177 178 
3 25 25 
1 10 10 25 24 24 24 
2 24 24 23 23 23 38 38 37 37 37 37 52 52 51 51 66 66 66 81 81 96 96 95 111 111 126 141 142 
1 142 
4 158 159 160 160 161 162 
3 33 33 33 33 33 33 33 48 48 48 48 
1 48 48 48 48 48 48 48 48 
2 48 48 48 48 48 48 63 63 63 78 78 
1 93 
3 93 
4 109 124 124 124 
3 67 66 66 
1 66 66 81 81 
2 81 80 80 80 80 80 80 80 80 95 95 95 95 111 111 111 127 142 143 158 
3 48 
1 63 63 63 63 63 63 78 
3 78 23 23 23 23 23 22 22 22 
1 22 22 22 22 22 21 21 21 21 21 21 20 20 20 20 20 20 20 19 19 19 19 19 19 19 19 34 34 34 34 34 34 34 34 34 
2 33 33 33 33 33 
1 33 33 33 33 33 33 33 33 32 32 32 32 32 32 32 
3 32 7 6 6 6 
7 21 20 20 35 35 35 35 
3 35 34 34 
1 34 34 34 34 49 49 
2 49 49 49 49 49 49 48 48 48 48 48 48 48 48 48 
1 48 48 48 48 48 48 48 63 63 63 63 78 78 93 
3 93 93 109 10 25 
1 25 25 25 25 25 24 
2 24 24 24 24 24 8 8 8 8 
1 8 8 7 7 7 7 7 6 
3 21 21 80 80 80 
1 80 
2 80 80 
1 80 80 
2 80 80 80 
1 80 80 80 80 80 80 80 80 80 80 
2 81 96 96 111 
1 112 112 127 
3 37 52 
1 51 51 51 51 51 51 
3 50 50 50 50 50 50 50 65 65 65 65 65 65 64 64 64 65 80 80 
1 80 80 
2 96 111 111 126 
4 142 
3 157 24 24 24 23 23 23 23 23 23 23 22 22 22 22 22 
1 22 37 37 36 36 36 36 36 
2 36 36 36 36 36 36 36 35 50 50 50 50 50 65 65 65 65 80 80 95 96 111 126 141 141 
1 142 
4 142 142 
3 65 65 80 80 80 80 80 
1 95 96 
2 96 96 96 96 111 111 111 111 112 112 112 127 127 127 128 128 129 
1 129 
3 127 
4 127 127 127 112 112 111 111 111 111 110 110 
1 110 95 111 111 
2 111 111 
1 126 126 
3 34 34 34 34 34 34 34 
1 34 34 34 34 34 34 34 34 34 34 34 
2 33 33 33 33 33 
1 33 
3 33 33 33 
1 4 4 
2 4 4 4 4 4 4 
1 4 4 4 4 4 4 
3 4 4 8 8 
1 7 7 22 22 22 21 21 
3 23 
1 23 23 38 38 38 38 38 38 53 53 53 54 69 69 84 99 114 
2 129 144 
3 38 38 38 53 53 52 
1 52 52 67 67 67 67 67 67 67 
2 67 82 82 82 82 97 97 98 113 114 129 
3 23 
1 22 22 22 22 
2 22 22 22 21 36 36 36 36 36 36 36 51 51 51 51 51 65 65 65 65 80 81 81 96 96 96 111 111 111 111 112 
1 112 112 
4 112 112 112 112 112 112 
3 112 97 97 97 97 97 97 82 82 82 82 82 82 82 83 98 98 98 98 98 98 98 98 98 98 98 98 98 98 98 98 98 19 19 19 34 
1 34 34 33 33 48 48 48 48 47 
2 47 47 47 
1 47 47 
3 47 46 46 46 39 39 39 39 39 38 38 38 38 37 37 52 51 51 51 66 66 66 81 80 80 80 80 95 
1 96 96 111 111 
2 127 127 143 
3 41 41 
1 41 41 40 40 55 55 55 55 54 54 69 69 84 
2 84 99 99 99 114 114 129 129 145 
1 145 
4 160 
3 23 23 23 23 22 22 22 37 
1 37 37 37 37 36 51 51 51 66 66 66 66 
2 66 67 67 67 67 67 82 82 82 82 97 97 97 97 97 97 97 97 97 97 98 98 98 98 98 99 99 99 99 100 100 100 100 100 100 116 116 116 116 116 
4 131 
3 9 9 9 9 9 9 9 
1 9 9 24 24 24 23 23 23 23 23 23 38 38 38 38 38 38 38 38 38 38 38 38 38 38 38 38 38 38 37 37 37 37 52 
3 52 52 52 67 67 82 82 82 97 98 98 83 83 83 83 68 
4 68 67 67 
3 67 82 81 81 81 81 81 81 81 81 81 81 81 81 66 66 66 66 66 63 63 63 
1 62 62 62 
3 77 77 77 77 77 76 76 91 91 92 92 
1 92 92 
3 24 24 24 39 39 38 
1 38 38 38 38 38 38 38 38 53 52 52 52 52 52 52 51 66 66 66 66 
2 66 81 81 81 81 96 96 96 111 111 112 
4 127 127 142 142 143 158 158 159 159 160 160 161 161 161 176 176 191 191 206 206 206 206 205 205 
3 79 79 79 94 94 94 94 94 94 
1 94 94 94 94 94 94 95 
2 95 95 110 110 
1 110 110 110 125 126 126 126 126 127 127 
4 127 127 127 128 128 128 128 128 129 129 129 129 145 145 145 146 161 162 163 163 163 179 179 179 180 180 180 180 195 
3 195 195 195 195 180 180 25 25 
1 24 24 24 
2 39 38 38 38 38 52 52 52 52 52 51 51 51 51 66 66 65 65 65 65 65 65 80 80 80 80 80 80 95 95 95 96 96 111 112 127 127 143 
4 143 144 144 144 145 146 146 146 162 162 177 177 177 177 177 177 
3 177 23 23 37 37 
1 37 
2 52 52 52 51 66 66 66 66 81 81 81 97 97 97 97 97 97 97 112 113 113 113 
1 113 113 114 
3 114 114 115 19 19 19 19 19 19 19 34 
1 34 34 34 34 49 49 49 49 49 49 49 49 49 49 49 49 49 48 48 33 33 33 33 33 33 33 33 33 33 33 
3 25 24 24 
1 24 24 23 23 
2 23 23 23 22 22 22 22 22 22 22 21 36 36 36 36 36 36 35 35 35 35 50 
1 50 
2 50 50 50 64 64 64 64 64 79 79 79 79 94 
1 94 94 109 109 109 125 
4 125 140 141 141 157 
3 66 65 65 65 65 80 80 80 80 
1 95 95 95 95 
2 95 110 111 111 126 
4 126 
3 82 82 82 
1 82 82 82 82 82 82 82 82 
2 81 81 
1 81 82 96 96 97 97 97 97 97 81 81 81 81 81 81 81 96 96 96 112 112 112 128 128 129 129 
3 25 25 25 25 24 24 24 
1 24 24 24 23 23 23 23 
2 38 38 38 37 37 52 52 52 52 52 52 67 67 67 67 82 82 82 98 98 98 113 114 114 130 
1 130 130 145 145 
4 146 146 147 133 
3 27 41 41 41 41 41 40 40 40 40 40 55 54 54 
1 54 69 69 69 
2 69 69 69 69 69 69 68 68 68 68 68 68 68 68 83 83 83 83 83 83 82 82 82 97 97 97 97 112 112 112 112 127 127 128 128 128 129 129 130 145 146 146 146 147 
1 132 133 148 148 
4 149 
3 81 81 81 81 81 81 80 
1 80 80 95 95 95 110 110 125 
3 84 84 
1 99 98 98 98 98 98 98 113 114 114 114 
3 34 34 33 48 48 48 
1 48 63 63 63 63 63 78 78 
3 78 79 93 93 33 33 
1 32 32 47 47 47 
3 79 79 79 79 
1 79 79 79 79 79 94 
2 94 95 95 95 110 110 111 111 111 127 127 143 144 
1 144 
3 19 19 19 34 34 34 34 34 
1 34 49 49 49 
2 49 49 64 64 64 64 64 64 64 79 79 79 79 79 94 95 95 110 111 126 
4 126 
3 37 52 52 52 
1 52 52 67 
2 67 67 67 82 
1 82 82 97 98 98 98 98 98 98 98 113 114 129 
4 145 
3 64 64 64 64 64 64 64 64 64 64 64 63 
1 63 63 78 78 77 77 
3 77 77 92 92 22 22 21 21 21 21 21 
1 20 20 20 
2 20 20 19 19 19 19 19 19 34 33 33 
1 33 33 33 33 48 48 48 48 47 47 47 47 47 47 62 62 62 62 62 
2 62 62 77 78 
1 78 78 
3 93 93 93 93 102 101 101 101 101 101 101 116 116 116 116 116 116 116 116 
1 101 101 101 101 85 
2 85 85 85 85 85 85 85 85 85 85 84 84 84 99 99 99 99 114 114 114 130 145 145 161 
3 64 
1 64 63 63 63 63 
3 63 63 63 
1 63 63 63 78 78 78 78 
3 78 93 93 93 93 93 108 37 
1 37 37 37 37 37 36 36 
2 36 36 36 
1 36 36 36 36 36 36 36 
3 51 51 
1 50 50 50 50 
3 97 97 97 
1 97 98 114 114 130 
3 50 50 50 
1 50 64 64 
3 64 64 64 63 78 78 78 78 26 
1 26 26 26 26 
3 26 26 26 40 
1 40 40 40 39 39 39 
2 39 39 38 38 38 38 38 38 38 38 38 37 37 37 37 52 52 52 52 52 52 52 52 52 66 66 66 66 66 81 81 81 81 96 96 111 112 127 142 
4 158 158 173 173 188 
3 82 82 
1 97 97 98 98 98 98 99 99 99 99 
2 99 99 99 99 100 100 100 100 100 100 100 100 116 116 116 116 116 
1 116 
3 64 64 64 64 64 64 79 79 79 
1 79 79 
2 94 95 95 110 110 126 
4 156 
3 9 8 8 8 
1 8 7 7 7 7 6 6 6 
3 22 22 21 21 
1 21 36 36 35 35 
2 35 35 35 34 34 34 34 34 33 33 
1 33 
3 34 49 49 49 64 
1 64 64 
3 64 79 79 79 79 79 79 79 64 63 63 63 63 63 12 12 11 11 11 11 
1 11 11 26 25 25 25 25 25 25 25 25 40 40 40 
3 39 39 
1 39 39 39 39 39 54 54 54 53 53 68 68 68 68 68 68 68 68 67 67 67 67 
2 67 67 
1 67 67 67 67 66 66 66 
2 66 67 82 82 82 82 82 82 
1 83 98 
4 98 
3 12 12 12 12 12 11 11 11 11 11 11 10 
1 10 10 10 10 9 9 9 9 9 9 9 8 23 23 23 23 23 22 22 22 22 22 37 37 37 
3 36 36 36 36 81 81 96 
1 96 111 
2 126 
1 126 142 
3 4 4 
1 4 4 19 19 19 19 19 19 
2 19 19 19 19 19 19 
1 19 110 110 110 96 96 96 111 111 111 111 111 111 111 111 111 126 126 126 
3 62 62 62 62 62 
1 77 77 77 77 77 77 
3 77 77 77 77 77 77 77 77 77 77 77 77 77 77 77 92 
1 98 98 98 98 98 98 98 98 98 98 
2 98 98 98 98 99 99 99 99 99 114 114 114 114 114 129 129 
1 129 
4 129 
3 23 23 23 23 38 37 37 37 37 37 37 37 37 
1 52 52 51 51 51 51 51 
3 66 66 65 65 65 94 95 95 95 110 110 110 
1 125 126 141 141 
3 157 10 
1 9 9 9 9 9 
2 24 24 
1 24 23 23 23 23 23 23 38 38 
3 38 50 50 50 50 50 50 50 50 
1 64 64 64 64 64 79 79 79 94 95 
3 95 96 34 34 34 34 
1 34 33 33 
2 33 33 33 33 33 33 33 33 33 33 
1 33 33 
3 33 33 33 33 
1 48 47 47 
2 47 47 47 
1 47 
3 47 94 95 95 95 80 80 80 80 65 65 65 64 64 64 80 
1 80 80 80 95 95 96 96 96 96 96 96 96 96 96 96 82 82 82 82 82 82 82 82 82 82 82 82 97 97 98 98 98 98 98 99 99 99 99 99 99 99 99 
2 114 114 114 129 129 145 160 
4 160 161 161 162 147 147 132 
3 132 132 117 118 118 118 118 118 119 67 67 67 82 82 82 82 97 
1 97 98 98 114 114 
4 115 115 
3 66 66 66 66 
1 81 81 81 81 
2 81 81 96 96 96 96 111 111 111 111 112 127 127 127 127 128 
1 128 
3 85 100 100 100 100 100 100 100 
1 100 100 115 115 115 
3 66 66 66 66 66 
1 81 81 81 
2 81 81 96 96 96 96 96 111 111 126 
1 126 142 142 
3 64 64 64 64 
1 79 79 79 79 79 79 79 
2 79 
1 79 79 
2 79 
1 79 80 
2 80 80 80 80 80 80 
1 80 80 80 79 79 79 94 94 
2 94 94 94 94 95 95 95 95 
1 95 95 95 110 110 110 110 126 
4 126 141 142 142 158 158 158 159 159 160 160 176 176 177 192 193 208 208 224 
3 224 10 10 
1 9 24 24 23 23 23 22 37 37 
2 37 37 36 36 36 36 51 50 50 50 65 65 65 65 80 79 79 79 79 94 94 94 
1 109 110 125 125 125 
4 141 141 142 158 158 174 189 189 189 189 189 
3 47 
1 47 47 47 
3 47 67 67 67 67 
1 67 67 67 67 
2 67 67 67 66 66 66 81 81 81 81 81 96 97 97 97 
1 97 97 98 98 98 99 
3 99 99 100 100 100 100 100 100 101 116 116 116 48 48 48 48 47 62 
1 62 62 62 62 
3 62 62 62 67 67 66 
1 66 66 66 66 66 66 
3 66 66 66 66 25 25 
1 24 24 24 24 24 38 38 38 38 38 37 37 37 37 
3 37 52 52 52 52 67 67 67 
1 67 67 67 67 82 
2 82 81 81 96 96 96 96 96 111 111 111 111 111 111 111 111 111 111 112 112 127 127 127 142 
1 142 
4 158 158 173 188 189 204 204 
3 34 34 34 34 34 
1 34 34 34 34 
2 49 49 49 49 
1 49 49 50 65 65 66 
3 10 10 25 
1 25 25 25 25 24 24 
2 24 24 39 38 38 38 38 38 53 52 52 67 67 67 67 67 67 67 81 81 82 82 97 97 112 112 112 128 
1 128 128 128 129 
4 130 130 146 146 146 161 162 177 176 
3 64 64 64 63 63 63 63 
1 64 64 64 64 64 79 79 79 79 79 79 80 80 95 
2 95 96 96 111 
1 111 111 112 127 127 
4 127 127 143 158 158 159 174 174 175 175 
3 86 
1 85 70 70 70 70 70 70 70 70 
3 69 69 69 69 69 
1 69 69 68 68 83 83 83 83 84 
2 99 99 99 99 99 115 
1 130 
4 130 145 160 
3 96 96 111 
1 111 112 
4 112 127 128 
3 113 114 114 114 114 114 
1 34 49 49 
2 49 49 49 48 63 63 63 63 63 78 78 78 93 
1 93 
3 93 93 108 108 109 109 109 110 
1 110 110 111 111 111 127 
3 79 79 80 
1 95 95 110 110 111 
3 34 34 49 49 49 49 48 48 
1 63 63 63 63 
2 63 78 78 78 
1 78 93 
3 93 93 93 93 93 94 94 94 94 109 109 110 110 110 110 110 110 63 63 
1 63 63 63 63 63 63 
2 78 78 78 78 78 78 78 
1 78 78 78 78 78 78 78 78 78 78 93 
3 93 19 34 
1 34 34 34 33 33 33 33 
3 33 33 32 
1 32 
3 32 81 81 
1 81 96 96 
2 97 97 97 97 97 
1 97 97 97 112 112 112 112 113 
3 128 50 
1 50 51 51 66 66 66 66 81 80 
2 80 95 95 110 111 126 126 
4 141 141 141 156 
3 141 
1 22 37 36 36 36 
2 36 36 36 51 50 50 50 50 50 50 50 50 65 65 64 64 79 79 79 94 95 95 95 110 110 
1 125 125 
4 125 140 156 156 
3 25 25 25 
1 25 25 24 24 24 24 24 24 24 24 24 24 24 
3 24 24 
1 24 24 
3 24 24 
1 23 38 38 38 38 38 38 53 53 53 53 53 53 68 68 68 68 83 83 83 98 98 98 98 98 113 113 114 
2 129 129 
1 130 130 
3 10 10 10 10 9 9 
1 9 23 23 23 
2 23 22 22 22 22 21 21 21 21 21 35 35 35 35 34 49 49 49 49 48 48 48 48 63 63 62 62 62 62 62 62 62 
1 62 77 
3 76 34 34 34 34 34 34 
1 34 34 34 34 34 
2 34 34 34 34 34 34 34 34 33 33 33 33 48 48 48 48 48 48 48 48 48 48 64 64 64 79 80 95 111 126 
4 127 127 142 
3 19 
1 19 19 34 
2 34 34 33 33 48 48 48 48 48 48 
1 49 49 49 
3 49 49 9 9 24 23 23 23 
1 23 23 22 22 22 22 22 22 21 21 21 21 21 36 35 
3 35 35 35 78 78 
1 78 78 78 78 78 78 77 77 
3 77 77 92 79 79 
1 79 79 79 79 79 79 79 79 79 79 79 79 
3 79 79 79 79 79 63 
1 63 64 79 79 50 50 49 64 64 
3 64 64 64 64 64 64 64 64 63 63 63 48 48 48 48 48 48 48 48 48 48 48 48 48 47 47 47 47 47 96 
1 111 111 126 127 
4 127 142 158 174 174 190 190 190 190 191 191 191 192 192 207 208 208 
3 48 48 48 48 47 47 
1 47 47 
2 47 47 
1 47 47 
3 47 47 46 31 31 31 46 46 46 46 46 46 46 46 46 61 61 61 61 61 10 9 9 
1 24 24 24 24 
2 23 23 23 23 23 38 38 38 38 37 37 37 37 37 37 37 37 52 51 51 51 51 51 50 50 50 50 50 65 65 65 65 64 64 64 64 64 64 64 64 
1 79 79 79 79 79 79 
3 79 93 93 94 94 109 109 109 124 
4 124 
3 140 140 140 141 62 
1 62 62 77 
3 77 66 65 80 80 
1 80 80 95 95 110 126 126 
3 19 19 19 19 19 19 19 19 19 
1 34 34 
2 34 34 
1 34 34 34 34 49 
3 34 34 34 34 49 49 49 49 64 64 64 79 79 79 79 94 94 94 94 109 68 68 68 68 68 
4 84 84 84 84 84 84 84 84 
1 84 84 84 69 69 69 69 69 69 69 69 54 54 54 54 54 54 55 70 70 85 86 86 
4 86 87 87 88 103 
3 63 63 63 
1 63 63 63 63 64 64 64 64 62 77 77 
3 77 77 77 77 77 77 77 77 77 77 77 77 77 77 77 77 77 77 77 78 
1 78 78 78 
3 78 78 94 94 94 94 94 94 94 94 94 94 94 94 95 95 110 110 110 110 110 110 
1 110 110 
3 125 125 126 126 47 47 
1 47 47 47 47 36 36 36 36 36 36 35 35 35 
3 35 34 34 34 49 49 49 49 33 48 48 48 48 63 84 
4 69 69 69 69 69 69 69 69 69 84 83 83 83 
1 83 83 83 83 83 83 83 83 83 83 83 83 
3 83 83 83 68 68 68 68 68 68 68 68 68 
1 36 50 50 50 50 50 
3 65 65 65 65 65 65 66 80 80 81 
1 81 81 96 96 
2 97 112 112 112 127 
4 142 143 
3 113 
1 113 98 113 113 113 113 
3 83 83 83 83 83 83 
1 84 84 84 85 85 100 100 101 101 
4 116 116 116 132 131 131 131 131 
3 131 131 131 131 116 116 116 116 116 116 116 116 116 9 9 
1 8 8 8 23 23 23 23 22 22 22 22 22 22 22 21 21 21 21 21 21 21 21 20 20 20 20 20 
2 20 20 20 5 4 4 19 4 4 4 4 4 19 19 19 19 19 19 19 19 
1 18 
3 26 26 26 26 26 
1 26 40 40 40 40 40 54 54 54 54 54 69 68 
3 68 68 68 68 83 83 83 23 23 38 37 
1 37 37 36 36 36 51 
2 51 51 50 50 50 65 65 65 65 65 65 65 65 80 80 80 80 79 94 94 94 94 94 
1 95 
2 95 110 110 
1 110 110 110 126 126 126 142 142 
4 128 128 
3 34 34 34 34 34 34 
1 34 33 33 33 33 33 33 33 33 48 48 48 48 48 47 
2 47 47 47 62 62 62 
1 47 47 
3 34 34 
1 33 48 48 48 
2 63 63 63 
1 78 79 79 
3 79 
4 94 94 94 95 110 110 110 126 126 126 141 142 142 157 173 188 188 202 202 
3 11 26 25 25 25 25 
1 24 24 24 24 24 24 23 23 23 38 38 38 38 37 37 37 37 37 52 
3 11 11 10 
1 10 25 25 24 24 24 24 23 23 23 23 22 
3 22 22 22 22 21 21 21 36 
7 35 35 35 35 35 34 34 34 34 49 49 
3 49 
1 49 49 64 64 64 64 64 64 64 64 64 64 79 79 79 94 94 94 95 
2 110 110 
1 111 111 111 
3 26 26 26 26 
1 26 25 25 25 25 24 
2 24 24 24 23 23 38 38 37 37 37 37 36 36 36 51 51 51 51 50 50 50 65 65 65 65 65 65 65 65 65 80 80 80 80 80 95 95 95 96 111 111 111 112 112 112 113 128 143 144 159 175 175 191 192 193 208 
4 209 209 
3 25 40 40 39 39 39 39 
1 39 39 39 39 38 38 38 38 38 38 53 53 53 53 53 53 52 67 67 82 82 
3 82 96 21 21 21 21 20 20 
1 20 20 20 35 34 34 34 34 34 
2 34 34 33 33 33 33 33 33 33 33 
1 33 
3 34 34 33 33 49 49 
1 49 49 49 49 49 34 34 34 34 34 33 33 33 33 34 34 34 
3 26 26 41 41 41 40 40 
1 40 40 55 54 54 54 54 54 69 69 69 
2 84 83 83 83 83 98 98 98 99 99 114 114 114 129 129 145 145 160 
3 34 34 
1 34 34 49 49 49 49 63 63 63 78 78 
3 78 93 93 108 108 123 124 124 124 19 19 34 34 34 34 49 
1 48 48 48 48 48 48 63 63 
2 63 63 63 63 63 63 
1 63 63 63 62 62 62 62 62 
3 62 62 62 63 63 63 63 63 
1 63 63 62 62 62 62 77 77 
3 77 112 112 
1 112 112 127 128 128 
4 144 159 160 
3 18 18 18 33 33 33 33 48 48 48 48 
1 63 63 63 63 78 78 78 79 
4 94 
3 94 110 110 110 110 111 111 111 95 95 
1 95 110 111 111 111 127 127 
4 142 142 142 157 158 173 172 187 188 173 
3 8 8 8 8 
1 7 7 22 21 
3 32 32 47 47 
1 47 47 47 47 47 
2 47 47 47 62 62 62 62 62 62 62 
1 62 62 
3 77 77 76 61 34 34 34 
1 34 34 
2 34 34 20 20 20 20 20 35 36 36 36 36 36 36 36 36 36 36 36 
1 36 36 36 37 37 37 
3 37 37 37 37 37 37 37 37 41 41 41 
1 41 41 41 41 41 41 56 56 56 56 56 56 
3 56 55 55 70 70 70 70 84 84 84 84 84 99 99 99 99 99 
1 99 99 99 99 98 98 98 98 98 
2 98 113 113 113 113 113 113 113 
1 113 113 128 128 128 128 144 144 
4 144 145 145 145 130 
3 21 21 36 36 
1 36 36 36 36 36 
2 36 51 51 51 51 52 52 52 67 67 67 82 82 83 98 97 97 97 97 
1 97 112 113 113 
3 4 4 4 
1 4 19 
3 19 19 18 18 18 18 18 
1 33 33 33 
3 33 33 48 
1 48 47 47 47 
2 47 47 47 47 
1 47 
3 46 81 
1 96 96 111 111 111 111 111 126 126 127 
2 127 127 127 127 127 127 127 127 127 127 143 143 143 
1 80 80 80 80 95 95 95 95 95 
3 110 110 110 110 96 96 96 97 112 
1 112 112 127 128 128 143 144 144 
3 23 22 37 37 37 
7 37 37 36 36 36 36 36 35 35 35 35 34 
3 34 49 49 49 48 63 
1 63 63 63 78 78 78 
3 78 94 94 94 
1 94 110 110 110 110 111 126 127 
3 78 78 
1 78 78 78 78 78 78 
3 78 78 78 25 25 25 25 25 
1 24 24 24 24 23 23 23 
2 23 22 22 22 22 21 21 21 21 21 35 35 35 35 35 34 34 34 34 33 33 33 33 48 47 47 47 
3 49 48 48 
1 48 48 48 63 63 63 63 63 79 79 79 79 79 
3 94 
4 94 94 110 110 126 126 126 142 142 158 158 159 175 175 
3 176 177 178 178 178 98 98 98 
1 98 98 98 98 98 98 98 99 99 114 114 114 114 99 99 99 99 99 99 99 99 99 114 
2 115 115 
1 115 115 115 130 
3 26 26 26 25 
1 25 25 25 24 
2 39 39 39 39 39 38 38 38 38 38 38 38 38 37 37 37 52 52 52 52 52 52 52 67 67 67 67 66 66 81 81 81 81 96 96 112 112 127 
1 127 142 
3 111 111 111 111 
1 111 111 111 127 127 127 127 
3 19 34 34 34 34 33 33 48 48 
1 48 
2 48 48 62 62 62 62 62 62 
1 62 
3 34 34 49 49 49 49 
1 48 63 
2 63 63 63 63 63 62 62 62 77 
1 77 77 76 
3 76 76 76 53 52 52 52 52 67 67 67 67 82 82 
1 82 82 82 81 66 
2 66 
1 66 66 66 
2 66 66 66 66 81 81 81 80 80 80 80 80 95 95 95 95 95 95 110 110 110 111 111 111 111 112 112 112 
1 112 112 97 97 
3 112 112 112 112 112 112 113 21 21 21 
1 21 20 20 20 20 20 19 19 
2 19 19 19 19 
1 18 
3 65 65 65 65 65 80 79 79 79 79 79 
1 79 79 79 79 79 80 80 80 80 80 80 66 66 66 66 81 
3 81 24 23 23 23 23 22 22 37 37 36 36 36 36 36 36 36 35 35 50 50 50 50 50 64 64 64 64 
1 79 79 94 
3 94 94 109 109 125 125 141 
4 95 95 95 95 95 80 80 80 79 79 79 
1 79 79 79 79 79 
3 79 79 79 79 79 79 79 79 79 79 79 80 80 80 37 52 
1 52 52 52 51 51 51 51 51 51 51 51 51 50 50 50 50 50 
2 50 50 50 
1 50 50 50 50 50 50 50 50 65 65 65 64 79 79 79 94 94 110 110 
4 125 126 141 142 142 
3 80 80 
1 80 80 80 80 80 80 80 
2 80 80 80 80 95 96 111 111 127 
4 142 157 157 
3 47 47 47 62 
1 62 77 
3 77 92 92 92 108 108 123 124 
1 21 21 21 36 36 36 35 35 35 35 35 
7 35 35 50 50 50 49 64 
3 64 64 
1 64 79 
3 80 
1 21 21 36 36 36 36 36 36 51 51 
2 81 
1 111 
3 24 24 
1 24 39 38 38 38 53 53 52 52 52 52 52 52 51 51 51 66 
3 67 67 67 67 67 82 82 82 83 
1 83 83 83 83 83 
2 84 84 84 84 99 99 99 99 99 114 114 129 130 
1 145 145 
4 161 
3 34 34 34 34 
1 34 49 49 49 49 49 49 
2 64 64 64 64 64 79 79 79 79 79 94 94 95 110 111 126 
4 143 143 
3 63 63 63 78 
1 78 78 78 
2 78 78 78 78 78 78 78 
1 78 78 78 
3 78 78 78 78 93 93 93 93 93 93 93 94 94 94 94 94 
1 110 110 110 110 125 125 
4 126 126 126 127 127 
3 66 
4 81 81 
1 81 96 96 96 96 96 111 
2 111 111 111 
1 111 111 126 126 126 
3 78 
1 78 78 
3 78 78 78 78 78 78 78 78 78 77 77 77 62 62 62 62 34 34 34 34 34 34 34 
1 34 49 49 49 49 49 49 49 49 65 65 65 65 65 65 65 65 65 65 
3 65 65 65 65 65 65 65 
1 80 80 80 80 95 95 95 95 95 111 111 111 126 
4 127 142 143 158 173 189 189 204 204 
3 50 50 50 50 
1 50 65 
2 65 65 80 81 81 96 96 96 111 111 111 111 111 112 127 127 142 143 158 159 159 
1 160 161 64 79 79 79 79 
3 79 78 
4 115 115 115 115 115 114 114 114 114 114 114 114 113 
1 113 113 113 113 113 128 128 128 128 143 143 158 
4 158 173 173 189 189 189 189 175 
3 111 111 111 112 112 112 
1 112 112 112 112 112 112 112 112 112 112 113 113 113 113 
2 113 114 129 129 129 129 130 130 130 130 130 130 130 130 
1 130 130 129 129 129 129 144 
3 97 97 
1 97 
2 112 112 
1 127 127 
4 142 
3 37 37 36 
1 36 36 36 36 36 36 36 36 
2 36 35 
1 35 35 50 
3 50 
1 50 50 50 50 50 50 50 65 65 65 65 
2 65 65 65 65 65 65 66 66 66 65 65 65 65 65 65 65 65 65 65 65 64 64 64 64 
1 79 79 79 79 
3 94 94 94 94 109 110 
4 110 
3 19 19 19 19 34 
1 34 34 34 34 34 
2 34 34 48 48 48 48 48 33 33 
1 33 48 48 48 47 47 47 47 
2 47 47 48 48 48 48 48 48 48 48 48 
1 48 48 48 47 47 47 47 
3 47 47 47 47 47 47 47 47 49 49 
1 48 48 48 48 48 48 48 48 
2 48 33 33 
1 33 33 
3 27 26 26 
1 26 26 25 25 40 40 40 39 39 39 39 39 39 38 38 38 
3 38 38 53 53 53 52 50 50 50 50 50 50 49 49 49 49 49 49 48 48 48 48 48 48 48 
1 48 47 47 
2 47 47 62 62 62 62 62 
1 62 
3 62 62 64 64 64 64 64 64 
1 64 80 80 80 95 
2 95 95 95 110 110 
1 110 95 95 95 95 95 95 95 80 80 80 80 80 79 79 
3 79 79 79 79 79 79 94 80 80 
1 80 81 81 81 81 96 96 96 96 96 96 96 
2 96 96 111 111 111 111 111 112 112 127 127 127 127 127 127 127 
1 127 128 128 128 128 128 128 128 128 128 128 129 129 129 129 
3 129 65 65 65 
1 65 65 80 80 
2 79 79 80 80 95 95 110 110 125 
1 125 141 141 
4 156 157 157 158 
3 158 159 
4 159 160 160 146 146 146 
3 132 132 132 132 132 132 132 132 132 132 132 117 117 117 117 117 118 118 118 118 118 22 22 
1 22 21 21 21 
2 21 21 20 20 20 20 20 19 19 19 19 19 
1 18 
3 18 33 33 33 33 33 97 
1 97 97 98 113 113 128 129 129 144 145 160 
3 33 33 33 48 48 48 48 
1 48 63 64 64 
3 79 
4 79 94 94 94 95 110 110 125 125 
3 140 63 64 
