26 26 26
31 32 32 33 33 32 32 32
26 
26 26 32 
32 26 26 26 26 26 26 
32 32 32 32 32 32 32 32 32 32 32 26 26 26 32 32 32 32 32 32 32 32 32 32 32 32 32 32 
31 32 32 32 32 32 32 32 32 32 32 32 32 26 
26 26 
32 32 32 32 32 32 
32 
32 32 32 32 32 
32 32 
32 32 32 32 32 
32 32 32 33 33 32 32 32 32 32 32 32 32 32 32 32 26 26 32 32 32 32 32 32 32 32 32 32 32 32 32 32 
32 32 33 32 32 32 32 32 32 32 32 32 32 32 32 32 32 32 32 32 32 32 32 32 32 32 32 32 32 32 32 
32 32 32 32 32 32 32 32 32 32 32 32 32 32 32 32 32 32 32 32 32 32 32 32 32 
32 32 33 32 32 32 32 32 32 32 32 32 31 31 32 32 32 32 32 32 32 32 32 32 32 
32 32 32 32 32 32 32 32 32 
32 32 32 32 32 32 32 32 32 32 32 32 32 32 32 32 32 26 26 
31 31 31 31 31 31 31 32 32 32 32 31 32 32 32 32 32 32 32 32 32 32 32 32 32 32 32 31 
32 32 
26 32 32 32 32 32 32 32 32 32 26 26 
32 32 32 32 32 32 32 32 32 32 32 33 32 32 32 
31 32 32 33 33 32 32 32 32 32 32 32 32 32 32 32 32 32 32 32 32 32 32 32 32 32 32 32 
31 31 31 31 31 32 32 32 32 32 32 32 32 32 32 32 32 32 32 32 32 32 31 
26 26 26 26 32 32 32 32 32 32 32 32 32 32 32 32 32 32 32 32 32 32 32 32 32 32 32 32 26 26 
32 32 32 32 32 32 32 32 32 32 32 32 32 32 32 33 32 32 32 32 32 32 
32 32 32 32 32 32 32 32 32 32 32 32 32 32 32 32 32 32 32 32 32 32 32 32 32 32 32 
31 31 31 31 32 32 32 32 32 32 32 32 32 32 32 32 32 32 32 32 31 25 25 
26 32 32 32 32 32 32 32 32 32 32 32 32 32 32 32 32 32 32 32 
26 32 32 32 32 32 32 32 32 32 32 32 32 32 32 
32 32 32 32 32 32 32 32 32 32 32 32 32 32 32 32 32 
32 32 32 32 32 32 32 32 32 32 32 32 32 32 32 
32 32 32 32 32 32 32 32 
26 32 32 32 32 32 32 32 32 32 32 32 32 32 32 32 32 32 32 32 32 32 26 26 
26 32 26 32 32 32 32 32 32 32 32 32 32 32 32 32 32 32 32 32 32 32 32 26 32 32 26 
32 32 32 32 32 32 
32 32 
32 32 32 32 32 32 32 32 32 32 32 32 32 32 32 32 32 32 32 32 32 32 32 32 32 32 32 
26 26 32 32 32 32 32 32 32 32 
32 32 32 26 
26 32 26 26 32 32 32 32 32 32 32 32 32 32 32 32 32 32 32 32 26 26 32 32 32 32 32 32 32 32 32 26 
31 31 
32 
32 
32 32 32 32 32 32 32 32 31 
32 32 31 31 31 31 31 
26 32 32 32 32 32 32 32 32 32 32 32 32 32 32 33 32 32 32 32 32 26 26 
32 32 32 32 32 32 32 32 32 32 32 32 32 32 32 32 32 32 32 32 31 
26 26 32 32 32 32 32 32 32 26 
31 31 31 31 32 32 32 32 32 32 32 32 32 31 32 32 32 32 32 32 32 33 32 32 32 32 32 32 32 32 32 32 32 
26 32 26 32 32 32 32 32 32 32 32 32 
32 32 
32 32 32 
26 32 32 32 32 32 32 31 26 25 26 32 32 32 32 32 32 32 32 32 32 32 26 32 32 32 32 32 32 32 
31 31 
32 32 32 32 32 32 32 32 
32 32 32 32 32 32 
31 
32 32 32 
31 
32 32 
32 32 
32 32 31 
32 32 32 32 32 32 32 32 26 32 32 32 32 32 32 32 26 26 
32 32 32 32 31 32 32 32 32 32 32 32 32 32 32 32 32 32 32 32 
32 32 
32 32 
32 32 31 
26 32 26 26 32 32 32 32 32 32 32 32 32 32 32 32 32 32 26 26 32 32 32 32 32 32 32 32 26 
32 32 32 32 32 32 32 32 32 32 32 32 32 
32 32 32 33 33 32 32 32 32 32 32 32 32 32 31 32 32 32 32 32 32 32 32 32 32 32 32 32 32 32 32 32 32 
32 32 
32 32 31 
32 26 32 32 32 32 32 32 32 32 32 32 32 32 32 32 32 32 32 32 32 32 32 32 32 32 32 32 32 26 
26 32 26 26 32 32 32 32 32 33 32 32 32 32 32 32 32 32 32 32 32 32 26 26 32 32 32 32 32 32 32 32 26 
26 32 32 32 32 32 32 
32 32 32 
32 32 32 33 33 32 32 32 32 32 32 32 32 32 31 32 32 32 32 32 32 32 32 32 32 32 32 32 32 32 
26 32 32 32 32 32 32 32 32 32 32 32 32 
26 32 26 26 32 32 32 32 32 32 32 32 32 32 32 32 32 26 26 32 32 32 32 32 32 32 26 26 
32 32 32 32 32 32 32 32 32 32 32 32 32 32 26 32 32 32 32 26 32 32 32 32 32 32 32 32 32 32 32 32 32 
32 32 32 33 33 32 32 32 32 32 32 32 32 32 31 32 32 32 32 26 26 
26 
31 32 32 32 32 32 32 32 32 32 32 32 32 32 32 32 32 32 32 32 32 32 32 32 26 26 26 
32 32 32 32 32 32 32 32 32 32 32 32 32 32 32 32 32 32 32 32 32 32 32 32 32 32 26 32 
26 26 31 32 32 32 32 32 32 
32 32 32 32 32 32 32 32 32 32 26 26 32 32 32 32 32 32 32 32 32 32 32 32 
33 27 28 22 16 16 11 11 5 6 6 6 6 6 
32 32 32 32 
26 32 26 26 32 32 32 32 32 32 32 32 32 32 32 32 32 32 32 26 
32 32 32 32 32 32 32 32 32 32 32 26 32 32 32 32 32 32 32 32 32 32 32 32 32 
6 6 6 6 12 11 16 16 22 28 28 28 33 33 32 26 26 
32 32 32 32 32 32 32 32 32 32 32 32 32 32 32 32 32 32 32 32 32 32 32 32 26 
26 32 32 32 32 32 32 32 32 32 32 32 32 32 32 32 32 32 
32 26 32 32 32 32 32 32 32 32 32 32 26 26 26 32 32 32 32 32 32 32 32 26 26 26 
32 26 26 26 32 32 32 32 32 32 32 32 32 26 
32 32 32 32 32 32 32 32 
32 32 32 32 32 32 32 32 32 32 32 32 26 26 32 32 32 32 32 32 32 32 
26 26 26 26 26 32 32 32 32 32 26 26 26 32 32 32 32 32 32 32 32 26 26 
32 32 32 32 32 32 32 32 32 32 32 26 26 32 32 32 32 32 32 32 32 32 32 32 32 
32 32 32 32 
32 32 32 26 26 32 32 32 32 32 32 32 
32 32 32 32 32 32 32 32 
32 32 32 32 32 32 32 32 32 32 32 32 32 32 
26 26 32 32 32 32 32 32 32 26 
26 26 26 26 26 32 32 32 32 26 26 26 32 32 32 32 32 32 32 32 26 26 
32 32 32 32 32 32 32 32 32 32 32 26 26 26 32 32 32 32 32 32 32 32 32 32 32 
32 26 32 32 32 32 32 32 32 26 26 26 26 26 32 32 32 32 32 32 32 32 32 32 32 26 26 32 32 32 32 32 32 
32 32 32 32 32 32 32 
32 32 
32 32 32 32 32 32 32 32 32 32 32 32 32 32 32 26 32 
32 26 32 32 32 32 32 32 32 32 32 32 32 32 32 32 32 32 32 32 32 31 25 25 31 
32 32 32 32 32 32 32 
32 32 32 32 32 32 32 32 
32 32 33 32 32 32 32 32 32 32 32 32 32 32 32 32 32 32 32 32 32 32 32 32 32 
32 32 32 32 32 
32 32 
26 26 26 26 26 32 32 32 32 32 31 31 31 31 32 32 32 31 31 31 32 32 32 32 
32 32 32 32 32 32 32 32 32 32 32 32 32 32 31 31 32 32 32 31 31 25 25 26 26 
32 32 32 
32 32 32 32 32 32 32 32 32 
32 32 32 32 32 32 32 32 32 32 32 26 26 32 32 32 32 32 32 32 33 32 32 
32 32 32 32 32 32 32 26 26 26 32 32 32 31 31 31 32 32 32 32 32 31 31 31 32 32 
26 26 26 26 26 32 32 32 32 32 32 32 32 32 32 32 32 32 32 31 31 31 32 32 32 32 31 25 25 25 26 26 
32 32 32 32 32 32 32 32 32 32 32 32 32 32 32 31 25 25 25 26 26 26 
31 31 31 31 31 32 32 32 32 32 32 32 32 32 32 
32 32 32 32 32 32 25 26 
31 32 32 33 33 32 32 32 32 32 32 32 32 32 32 32 32 26 26 26 32 32 32 32 32 32 32 33 32 32 32 32 32 
32 32 32 32 32 32 32 32 31 31 31 31 32 32 32 31 31 31 32 32 32 32 
26 26 26 26 26 32 32 32 32 32 32 32 
32 32 32 32 32 32 32 32 32 32 
32 
32 32 32 32 32 

32 32 32 32 32 32 32 32 32 32 32 32 32 32 32 32 32 32 32 32 32 32 32 32 32 
32 32 33 32 32 32 32 32 32 32 32 32 
26 
32 32 32 32 32 32 32 32 32 32 32 32 32 32 32 32 32 32 32 32 32 26 26 26 
32 32 33 32 32 32 32 32 32 32 32 32 32 32 32 32 32 32 32 
26 26 26 26 26 32 32 32 32 32 32 32 32 32 32 32 32 32 32 32 32 25 25 26 26 
26 
32 32 32 32 32 32 32 32 32 32 32 32 32 32 32 32 32 32 32 32 32 32 32 26 
32 32 32 

32 32 32 
32 32 32 
32 
32 32 32 32 32 
32 32 31 31 31 31 31 31 31 31 31 31 31 32 32 
32 32 32 32 32 32 32 32 32 32 32 32 32 32 32 32 33 33 
33 33 32 32 32 32 32 32 32 32 
33 32 32 26 32 32 33 32 32 
32 32 32 32 32 32 
32 32 32 32 33 32 32 32 32 33 
32 32 32 32 32 32 32 32 32 32 32 32 32 32 32 32 32 32 
32 32 32 32 32 32 32 32 32 32 32 32 32 32 32 32 32 32 32 32 32 32 32 32 
32 32 32 32 32 32 32 32 
32 32 32 32 32 32 32 32 32 32 32 32 32 32 32 32 32 32 32 32 
33 32 32 32 32 32 32 32 32 32 32 32 32 32 32 32 32 
32 32 32 32 32 32 32 32 32 32 32 32 
32 32 32 32 
32 32 32 32 32 32 32 32 32 32 32 32 
32 32 32 32 32 32 
32 32 32 32 32 32 25 25 32 32 32 32 32 32 32 32 32 
32 32 32 32 32 32 32 32 32 32 32 
32 32 32 32 32 32 32 
32 32 32 32 32 32 32 32 32 32 32 32 32 32 32 32 32 32 32 32 32 32 
32 32 32 31 31 31 31 32 32 32 32 32 32 32 32 32 
32 32 32 32 32 32 32 32 32 32 32 32 32 32 32 32 32 32 32 32 32 32 32 32 
32 32 32 32 32 32 32 32 32 32 32 32 32 32 32 32 32 32 32 32 32 32 32 
32 32 32 32 32 32 32 32 32 32 32 32 32 32 32 32 32 31 31 
32 32 32 32 32 32 32 32 32 32 
32 32 32 32 32 32 33 33 33 32 32 32 32 32 32 32 32 32 32 33 33 32 32 
32 32 32 32 32 32 32 32 32 32 32 32 32 32 32 32 32 32 32 32 32 
32 32 32 32 32 32 32 32 32 32 32 32 32 32 32 32 32 31 31 31 31 31 31 31 32 32 
33 33 32 32 32 32 32 32 33 32 32 32 32 32 32 32 33 
33 32 32 32 32 32 32 32 
32 31 31 31 31 32 32 32 32 31 31 31 31 32 32 32 
32 32 32 32 32 32 32 32 32 32 32 32 
32 32 32 32 32 26 25 25 32 32 32 32 32 32 32 32 32 32 32 32 32 32 32 32 32 32 32 32 
32 32 32 32 32 32 32 32 32 32 32 32 32 32 32 32 32 32 32 32 32 32 32 32 32 32 
32 32 32 32 32 32 32 32 32 32 32 32 32 32 32 32 32 32 32 32 32 32 32 32 
32 32 32 32 32 32 32 32 32 32 32 32 32 32 32 32 32 32 32 32 32 32 
32 32 32 32 32 32 32 32 32 32 32 32 32 32 32 32 32 32 32 32 32 32 32 32 
32 32 32 32 32 32 32 32 32 32 32 32 32 32 32 32 32 
32 32 32 32 32 32 32 32 32 32 32 
32 32 32 32 32 32 26 25 25 32 32 32 32 31 31 31 31 31 31 31 32 32 32 32 32 
32 32 32 32 32 32 32 32 32 32 32 
32 32 32 32 32 32 32 32 32 32 32 32 32 32 33 32 33 32 32 32 
33 33 32 32 32 32 33 33 33 
32 32 
32 32 32 32 32 32 32 32 32 32 32 32 32 32 32 32 32 33 32 32 32 
32 32 32 32 32 32 32 32 32 32 32 32 32 32 32 
32 32 32 32 32 31 
32 32 32 32 32 32 32 32 32 32 32 32 32 32 
32 32 32 32 32 32 32 32 25 25 32 32 32 32 32 32 32 
32 32 32 32 32 32 32 32 32 32 32 32 32 32 32 32 32 32 32 32 32 
32 32 32 32 32 32 32 32 32 32 32 32 32 32 32 32 32 32 32 32 32 
32 32 32 32 32 32 32 32 32 32 32 32 32 32 32 32 32 32 32 32 31 
32 32 32 32 32 32 32 32 32 32 
32 32 32 
32 32 32 32 32 32 32 32 32 32 32 32 33 33 32 32 32 33 
32 32 26 32 32 32 26 26 26 26 32 32 
32 32 32 33 32 32 33 32 26 26 
26 32 32 32 32 32 32 32 33 32 32 33 32 32 33 32 
26 32 32 32 32 32 32 32 32 32 32 33 32 32 33 33 33 33 33 33 33 33 32 32 32 32 33 32 
32 32 32 32 32 32 
32 32 32 32 32 32 
32 32 32 32 32 
32 32 32 32 32 
32 32 32 32 32 
33 32 32 32 32 32 32 32 32 32 32 32 32 32 32 32 32 32 
32 32 31 31 31 31 32 32 32 32 32 32 32 32 32 
32 32 32 32 32 32 32 32 
32 32 31 31 31 31 31 31 31 31 31 31 31 31 32 32 
32 32 32 32 32 32 32 32 32 32 32 32 32 32 32 32 32 32 32 32 32 32 32 32 32 
32 32 32 32 32 32 32 32 32 32 
32 32 26 26 26 26 26 26 26 26 26 32 
33 33 33 32 26 26 26 
26 26 
26 26 26 
32 32 32 32 32 32 32 33 
33 32 32 32 32 32 32 32 32 33 33 33 33 33 32 32 32 
32 32 32 32 32 32 32 33 33 32 32 32 32 33 32 32 32 
32 32 32 32 32 32 32 32 32 
32 32 32 32 33 33 32 26 26 26 32 
32 32 32 32 32 
33 32 32 32 32 32 32 32 32 32 32 32 32 33 33 
32 32 32 32 32 32 32 32 32 32 32 32 32 32 32 
32 32 31 31 32 32 32 32 32 32 32 32 32 32 
32 32 32 32 32 
32 32 32 32 32 32 32 32 32 32 32 32 
32 32 32 32 32 32 32 32 32 
32 32 32 32 32 32 32 32 
32 32 32 32 32 32 32 31 31 31 31 
26 32 32 32 32 32 32 32 32 32 32 32 32 32 31 31 32 31 31 32 32 32 
32 32 32 32 32 32 32 32 32 32 
32 32 32 32 32 32 32 32 32 33 33 32 32 32 32 
32 32 32 32 32 32 32 32 32 32 32 32 32 32 32 32 32 32 
32 31 31 31 31 31 31 31 32 32 32 32 32 32 32 32 32 32 32 31 31 
32 32 32 32 32 32 32 32 
32 32 32 32 32 32 32 32 32 32 32 
32 32 32 32 32 32 32 32 32 32 32 32 32 32 32 32 32 32 32 32 32 
32 32 32 32 32 32 32 32 32 32 32 32 32 32 32 32 32 32 32 32 
32 32 32 32 32 32 32 32 32 32 32 32 32 32 32 32 
32 32 32 32 32 32 32 32 32 32 32 
32 31 31 31 31 31 31 31 31 31 31 31 31 31 31 31 31 31 
32 32 32 32 32 32 32 32 32 32 32 32 32 32 32 32 32 32 32 32 
32 32 32 32 32 32 32 32 32 32 32 32 32 32 32 
32 32 32 32 32 32 32 32 32 32 32 32 32 32 32 32 32 32 32 32 
32 32 32 32 32 32 32 32 32 32 32 32 32 32 32 32 32 32 
32 32 32 32 32 32 32 32 32 32 32 32 32 31 31 31 31 31 31 32 32 32 
32 26 26 26 32 32 32 32 32 33 33 33 33 33 33 32 33 32 32 32 
32 32 32 32 32 33 33 33 
33 32 32 32 32 32 
32 32 32 32 
32 
32 32 32 32 32 33 33 33 33 32 32 32 
32 32 
33 33 33 33 33 32 26 26 26 32 
32 32 32 32 32 32 32 
32 32 32 32 32 32 32 32 32 32 32 32 32 26 26 32 
32 32 32 32 32 32 32 32 32 32 32 32 32 32 32 32 32 32 32 32 32 32 32 32 32 32 32 
32 32 32 32 32 32 32 
31 31 32 32 32 32 32 32 32 32 32 32 32 32 32 32 32 31 31 32 32 32 32 32 31 
31 31 32 32 32 32 32 32 32 
31 31 32 32 32 32 32 32 32 32 32 32 32 32 32 32 32 32 31 
31 31 32 32 32 32 32 32 32 32 32 32 32 32 32 32 32 31 
31 31 31 
31 31 32 32 32 32 32 32 32 32 32 32 32 32 32 32 32 32 31 31 31 31 
26 32 
26 26 32 32 32 32 32 32 32 33 32 33 33 32 32 32 33 32 32 32 32 32 33 33 32 
26 32 32 33 32 32 32 32 32 32 32 32 32 32 32 33 26 
26 26 32 32 32 32 32 32 32 32 26 32 33 
26 26 32 33 33 32 32 32 32 32 32 32 
26 26 32 32 32 33 32 32 32 32 33 32 
26 32 32 33 33 32 32 32 32 33 33 32 
26 32 32 32 32 33 33 33 32 32 32 33 32 32 32 32 32 32 32 32 26 26 32 32 32 
32 32 32 32 
32 32 32 32 32 32 
32 32 32 32 32 32 
32 32 32 32 32 32 32 32 32 32 
32 32 
32 32 32 32 32 32 32 32 32 32 32 32 32 32 32 32 32 32 32 
32 32 32 32 32 32 32 32 32 32 32 32 32 32 32 32 32 32 32 
32 32 32 32 32 32 32 32 32 32 32 32 32 32 32 32 32 
32 32 32 32 32 32 32 32 32 32 32 32 32 32 32 32 32 
32 31 31 31 31 31 31 31 
32 32 31 31 31 31 31 31 31 31 31 32 31 31 31 31 31 31 31 31 31 31 31 31 32 32 32 
33 32 32 32 32 32 32 32 32 32 32 33 32 32 32 
33 33 33 33 
32 32 32 32 32 33 33 32 32 32 32 32 
32 32 33 32 32 
32 32 33 32 32 33 32 32 33 33 
32 32 32 32 32 33 32 32 32 32 32 32 32 33 33 33 32 32 32 32 32 32 33 32 32 32 32 32 32 
32 32 32 32 32 32 32 32 32 32 32 32 32 32 32 32 
32 32 32 32 32 32 32 32 
32 32 32 32 32 32 32 32 32 32 32 32 32 32 32 32 32 32 32 32 32 32 32 32 
32 32 32 32 32 32 32 32 32 32 32 32 32 32 32 32 32 32 32 32 32 
32 32 32 32 32 32 32 32 32 32 32 32 32 32 32 32 32 
32 32 32 32 32 32 32 32 32 32 32 32 32 
32 32 32 32 32 32 32 32 32 32 32 32 32 32 
32 32 32 32 32 32 32 32 32 32 32 32 32 32 32 32 32 32 32 
32 32 33 32 32 32 32 32 32 32 32 32 33 33 
32 32 32 32 32 32 32 32 33 32 32 32 33 33 33 32 32 32 33 
32 32 32 32 32 32 32 32 32 32 
32 32 32 32 33 33 33 
33 33 32 32 32 32 33 32 32 32 32 
32 32 32 32 32 
33 33 33 33 32 32 32 
32 32 32 32 32 31 32 32 32 32 
32 32 32 32 32 32 
32 32 32 32 
32 32 32 32 32 32 32 32 
33 32 26 26 32 33 32 32 
33 33 32 26 25 26 32 
32 32 32 32 32 32 32 
32 32 32 32 
33 33 33 
32 32 32 32 32 32 32 
33 33 32 32 32 32 32 32 32 32 
33 32 32 32 32 32 32 32 32 
32 26 26 26 32 33 32 32 32 
33 33 26 26 26 26 
32 32 32 33 33 33 33 33 
32 32 26 32 32 32 32 33 32 32 32 
33 
32 32 32 26 25 26 32 
32 32 32 32 32 32 32 32 32 32 
32 32 32 32 32 32 32 32 32 32 33 33 33 33 
33 32 32 
32 32 32 32 32 
32 32 32 32 32 32 32 32 
32 32 32 32 
33 32 32 33 
32 32 32 32 32 32 32 32 
33 32 32 32 32 32 32 32 
32 32 32 32 32 32 32 32 
33 32 32 32 32 32 32 
32 32 32 
32 32 32 32 32 32 32 32 32 32 32 32 
32 32 32 32 32 32 32 32 32 32 32 32 32 32 32 32 32 32 32 32 32 32 32 32 32 32 32 32 32 32 32 32 32 
32 32 32 32 31 31 31 31 31 31 31 31 32 32 31 31 31 31 31 31 31 31 32 32 32 
32 32 32 32 32 32 32 32 32 32 32 32 32 
32 32 32 32 32 32 32 32 32 32 32 32 32 31 31 31 31 
32 32 
32 32 32 32 32 32 32 32 32 32 32 32 32 32 32 32 32 32 33 32 32 32 32 32 32 
32 32 32 32 
32 32 32 32 32 32 32 
32 32 32 
32 32 32 
32 32 32 
32 32 32 32 32 32 32 
32 32 32 32 
32 32 32 32 
32 32 32 32 32 32 32 32 
32 32 32 32 32 32 32 25 25 32 32 32 32 32 32 32 32 32 32 32 32 32 
32 32 32 32 32 32 32 32 32 32 32 32 32 32 32 32 32 32 32 32 32 32 
32 32 32 32 32 32 32 32 32 32 32 32 32 32 32 
32 32 32 32 32 32 32 32 32 32 32 32 32 32 32 32 32 32 32 32 32 
32 32 32 32 32 32 32 32 32 32 32 32 32 31 
32 32 32 32 32 32 32 32 32 32 32 32 32 32 
32 31 31 31 32 
32 32 32 32 32 32 32 32 32 32 
32 32 32 32 32 32 32 32 32 32 32 
32 32 32 32 32 25 25 32 32 32 32 32 32 32 32 32 32 32 32 32 32 32 32 32 
32 32 32 32 32 32 33 33 32 32 32 32 32 32 31 31 31 
32 32 32 25 25 31 31 31 31 31 31 32 32 32 32 32 32 32 32 32 32 32 32 32 32 32 
32 32 32 32 32 32 32 32 32 32 32 

32 32 32 32 32 32 32 32 32 32 32 32 32 25 25 32 32 32 32 32 32 32 32 32 32 32 32 32 
32 31 31 31 31 31 31 31 31 31 32 32 32 32 32 32 32 32 32 32 32 32 32 
32 32 32 32 32 32 32 32 32 32 32 32 32 32 32 32 32 32 32 32 32 32 32 32 
32 32 32 32 32 32 32 32 32 32 32 31 31 31 31 
26 26 26 26 32 32 32 32 32 32 32 32 32 
32 31 31 31 31 31 31 32 32 32 32 32 32 32 32 32 32 32 32 32 32 32 32 32 
32 32 32 32 32 32 32 32 32 32 32 32 32 32 32 32 32 32 32 32 
32 31 31 32 32 32 32 33 33 33 32 32 32 32 32 32 32 32 32 32 
32 32 32 32 32 32 31 31 31 31 31 31 31 31 32 32 32 32 32 32 32 32 32 32 
32 32 32 32 32 31 25 25 25 32 32 32 32 
32 32 32 32 32 32 31 31 31 31 31 31 31 32 32 32 
32 32 32 32 32 32 32 32 32 32 32 32 
33 33 33 33 33 33 32 32 32 
33 32 32 32 32 32 32 32 32 32 32 33 33 32 32 32 32 32 32 33 32 32 32 
32 32 32 32 32 33 32 32 32 32 32 32 32 32 33 33 
32 32 32 32 33 33 33 33 33 
33 33 33 33 32 32 32 32 32 32 32 33 32 32 32 32 32 32 26 26 26 32 
32 32 32 32 32 32 32 32 32 33 32 32 
32 32 32 32 
33 33 33 32 32 32 32 33 33 
32 32 32 32 32 33 32 33 32 32 32 32 32 32 32 32 32 33 32 26 26 26 32 
26 32 32 32 33 33 
32 32 32 32 32 32 32 26 26 32 32 32 33 33 
32 32 32 32 32 32 32 32 32 32 33 32 32 33 33 33 33 
32 
32 32 32 32 32 32 32 32 32 32 32 32 32 
32 32 32 32 32 32 32 32 32 32 32 32 32 32 32 32 32 32 32 32 32 32 32 32 32 32 32 32 32 
32 32 32 32 32 32 32 
32 31 31 31 31 31 31 31 31 31 31 32 
32 31 31 31 31 31 31 31 31 31 31 31 31 31 
32 31 31 31 31 31 31 31 31 31 31 31 31 31 32 
32 31 31 31 31 
32 32 32 32 32 32 32 32 32 33 33 32 32 32 32 32 32 32 26 26 32 
32 32 33 33 32 32 32 32 33 32 
32 32 32 32 32 
33 32 32 32 32 32 33 33 33 
33 33 32 32 32 32 32 32 32 32 32 32 32 32 32 33 33 32 32 32 32 32 32 
32 26 32 32 32 32 32 32 32 32 32 
32 32 
32 32 32 
32 32 32 
32 32 32 32 32 32 
32 32 32 32 32 32 32 32 32 32 32 32 32 
32 32 32 32 32 32 32 32 32 32 32 32 32 25 32 32 32 32 32 32 32 32 32 32 32 32 32 
32 32 32 32 32 32 32 32 32 32 32 32 32 32 32 32 32 32 32 32 32 32 
32 32 32 32 32 32 32 32 32 32 32 32 32 32 32 32 31 31 32 
32 32 32 32 32 32 32 32 32 32 32 32 32 32 32 32 
32 32 32 32 32 32 32 32 32 32 32 32 32 32 33 33 32 32 
32 32 32 32 32 32 32 32 32 32 32 32 32 32 32 32 32 32 32 32 32 32 32 32 
32 32 32 32 32 32 32 31 31 31 31 31 31 32 32 32 32 32 32 32 32 
32 32 32 32 32 32 32 32 31 32 32 32 32 32 
