1
1
1
1
1
1
1
8
1
1
8
1
1
1
8
8
1
1
1
1
8
2
8
8
8
8
8
8
1
2
5
8
2
8
8
2
2
8
8
8
8
8
8
8
8
1
8
8
1
8
8
8
1
8
6
8
8
8
8
8
8
8
8
6
8
8
8
8
8
8
8
8
8
5
5
5
6
5
5
8
5
5
8
5
5
5
8
5
5
5
5
8
6
8
6
6
6
8
8
8
6
6
8
6
6
8
6
6
6
8
2
2
8
8
8
8
8
2
8
8
8
8
2
8
8
8
8
8
8
8
8
8
8
8
8
8
8
8
8
8
8
8
8
8
8
8
8
8
8
8
8
8
8
8
8
8
1
8
1
8
1
8
8
8
8
2
8
8
8
8
1
8
8
2
2
8
8
8
1
1
8
1
8
1
8
8
8
8
1
1
1
8
8
8
1
1
6
1
6
8
6
8
8
1
8
6
8
8
8
8
8
5
5
5
8
8
5
5
8
5
5
8
5
5
5
8
5
5
8
6
6
8
6
8
6
6
6
6
8
6
6
8
8
6
8
6
8
8
8
8
8
8
8
8
8
8
8
8
8
2
2
2
8
8
8
8
8
8
8
8
8
8
8
8
8
8
8
8
8
8
8
8
8
8
8
