2
5
5
1
5
5
5
5
5
1
5
5
1
5
5
5
5
5
5
5
5
5
5
2
5
2
2
2
5
2
5
2
5
2
2
2
5
2
5
5
5
2
2
5
5
5
5
2
5
5
5
5
5
5
5
5
5
5
5
5
5
5
5
5
4
4
4
4
4
4
4
4
4
4
5
5
4
4
4
4
4
4
5
5
5
5
5
5
5
5
5
5
5
5
5
5
5
5
5
5
5
5
5
5
5
5
5
5
5
5
5
5
5
5
5
5
5
5
5
5
5
5
5
7
7
7
7
5
5
7
1
7
7
5
1
7
5
5
5
5
5
5
5
1
5
5
1
5
5
5
1
1
1
1
5
1
1
1
5
1
1
1
5
5
5
5
5
1
5
5
5
5
1
2
2
2
5
5
2
5
5
5
5
5
2
5
5
5
5
5
5
5
5
5
5
5
5
5
5
5
4
5
5
5
5
5
5
5
5
4
5
5
5
5
5
5
5
5
5
5
5
5
5
5
5
5
5
5
5
5
2
5
5
5
5
5
5
5
5
7
1
5
7
5
7
7
7
7
2
7
5
5
5
5
5
5
5
5
5
5
5
5
5
5
5
5
5
5
