10 10 
10 10 25 25 25 
24 24 24 39 39 39 39 39 39 38 38 38 38 53 53 53 68 68 68 68 83 83 99 99 114 114 129 144 
144 159 175 175 191 207 208 209 209 210 225 226 
51 
51 51 51 51 51 66 66 66 
66 66 66 82 82 82 
98 
98 114 114 130 130 131 131 131 131 131 131 116 116 116 116 101 
101 101 101 102 102 102 102 102 102 102 102 102 102 87 
37 37 37 37 36 36 36 36 
36 36 
101 102 102 102 102 102 
102 
102 102 102 102 
118 118 9 24 
24 24 24 24 23 
23 23 38 38 38 37 52 52 
52 67 67 66 66 81 81 96 96 96 111 112 112 127 
22 
22 22 22 22 37 
37 37 37 37 37 37 
37 37 37 37 52 52 52 67 67 67 82 82 
81 81 81 25 25 24 24 
24 
24 23 23 23 23 
22 22 22 22 21 21 
21 21 62 62 62 
47 47 47 47 47 47 
64 64 64 64 64 64 64 64 79 79 79 79 79 79 79 
80 80 80 80 80 80 95 95 95 
96 96 96 96 97 97 
97 113 113 113 114 
114 34 34 34 
34 34 34 33 
33 33 49 49 49 49 
49 48 48 48 
48 63 63 63 63 63 63 63 63 63 63 63 78 78 78 
78 
78 78 78 78 79 
42 41 41 41 41 41 41 56 55 
55 55 70 70 70 85 86 86 101 
69 
68 68 68 68 68 68 
68 83 83 83 83 98 98 98 
113 114 129 129 129 129 129 114 114 114 99 99 84 84 69 69 
70 70 85 85 34 34 33 33 48 48 48 48 48 48 48 48 48 63 63 63 
63 63 78 78 78 
78 63 
63 63 63 63 63 63 63 78 78 78 
78 78 93 19 19 19 19 34 34 34 34 34 33 33 33 33 33 33 33 33 33 
49 49 49 
49 49 49 64 64 64 79 79 80 80 95 
95 95 
11 11 10 10 10 10 10 10 
10 25 24 24 24 24 24 24 24 23 23 23 23 23 37 37 37 37 
51 51 51 65 
65 
80 80 80 95 95 
110 110 126 
126 127 127 128 129 144 
25 
25 25 25 25 25 
24 24 39 39 39 39 39 38 38 53 53 53 53 53 53 52 52 52 52 52 52 52 52 52 51 51 51 51 51 66 66 66 65 65 65 65 65 65 80 80 80 80 80 95 95 95 109 
109 
124 
124 26 26 
26 26 25 25 25 25 
25 25 25 25 39 39 39 39 39 39 39 39 39 38 53 53 53 53 53 68 67 67 82 82 82 97 97 97 113 113 113 
128 129 
129 145 145 145 161 161 162 163 178 193 
48 48 
47 47 47 47 47 47 47 47 47 
40 
39 39 39 39 39 53 53 53 53 53 53 
67 67 67 67 67 67 66 66 66 66 66 66 66 66 66 66 81 81 81 81 81 81 81 96 96 96 111 112 112 127 128 128 143 144 
144 145 
26 
26 26 26 26 26 40 40 40 40 40 40 39 39 39 39 39 39 39 39 53 
53 53 53 53 53 53 52 52 52 52 37 37 37 51 51 49 49 48 48 48 48 48 
63 63 63 63 63 78 78 78 
78 78 93 93 94 94 94 94 94 94 94 93 93 93 93 10 10 10 9 9 9 
8 8 
8 
7 7 7 
11 11 11 10 
10 10 10 25 24 
24 24 24 23 23 23 23 23 22 37 37 37 37 37 36 36 36 36 36 36 35 35 35 35 50 50 50 49 49 49 49 64 64 64 64 63 63 63 63 78 78 78 78 78 78 
78 78 
78 78 78 78 78 79 79 79 79 79 
79 79 79 79 94 
94 
94 
94 94 94 109 
110 110 110 125 126 126 
127 142 143 159 159 160 
81 81 
81 81 81 81 81 81 
81 96 96 96 96 96 111 111 111 126 126 141 
97 97 
97 97 
97 97 97 97 97 97 112 112 112 112 112 112 113 113 113 113 113 113 113 113 113 113 113 113 
113 113 113 98 98 
98 98 98 
98 98 98 98 99 99 99 99 99 99 99 99 115 115 115 116 116 
116 116 
116 116 116 116 116 26 26 26 26 26 25 25 25 25 
25 25 
25 25 24 24 24 24 24 24 23 
23 23 23 23 23 
21 21 21 
21 21 21 20 20 35 
35 35 35 35 34 49 49 49 49 49 64 64 64 63 78 78 
78 
93 93 93 108 108 108 108 108 108 108 108 108 108 108 108 108 108 108 108 108 108 123 123 124 124 124 124 139 34 34 33 33 48 48 48 48 48 48 48 48 
48 48 48 48 
47 47 47 47 47 47 47 47 47 47 32 32 32 32 32 32 32 32 
32 32 32 32 32 32 19 19 
19 19 34 
34 34 34 34 34 34 49 49 49 
49 49 
49 49 49 49 49 49 49 49 49 49 49 49 49 49 49 64 63 63 35 
35 50 50 50 65 65 65 65 80 80 80 79 79 79 79 
79 79 79 79 79 79 79 79 79 94 94 94 94 94 95 95 95 95 65 65 65 65 65 65 65 65 66 66 66 66 66 66 66 66 66 66 
66 66 66 81 
81 81 81 82 82 82 82 97 97 97 97 97 98 98 98 98 98 98 98 98 98 98 98 98 98 98 98 98 97 82 83 83 83 83 83 83 83 83 82 82 82 82 82 82 82 82 81 81 81 81 81 81 81 81 81 81 81 81 81 80 80 80 80 80 80 80 80 80 80 80 80 80 80 95 95 95 95 95 
94 94 94 
94 94 109 109 109 110 110 110 110 110 110 95 95 95 37 36 36 36 36 
36 36 51 51 
51 51 51 65 65 65 65 81 81 81 81 81 
96 96 97 97 97 97 98 98 98 99 99 99 114 114 115 
95 95 95 95 80 80 80 80 79 79 79 79 79 
79 79 79 79 79 79 79 
79 79 79 79 79 79 94 94 79 79 79 79 
79 79 94 94 94 
94 94 94 94 109 95 
95 95 95 95 95 110 110 110 110 110 125 126 
126 141 142 
115 100 100 99 
99 99 99 99 99 99 114 114 114 114 114 114 129 129 129 129 129 144 
65 65 65 80 80 80 80 80 80 80 95 95 96 
96 96 96 96 96 96 96 97 97 97 
97 98 98 98 114 114 24 24 24 24 24 
23 23 38 38 38 
38 38 37 52 52 52 52 67 67 67 67 83 83 83 83 83 83 84 84 84 99 100 
100 115 115 115 131 131 131 130 131 131 131 131 
19 19 19 19 34 34 34 34 34 
34 
34 34 34 34 49 49 49 49 64 64 64 79 79 
79 79 79 94 94 94 95 
95 95 95 
95 95 110 110 110 
110 110 125 
48 48 48 
49 49 
64 64 
64 64 64 
64 64 64 64 64 64 7 
7 7 22 22 
22 21 21 21 21 21 
21 21 21 20 20 20 20 20 
20 20 20 
20 20 35 35 35 35 
35 35 50 
50 50 50 
65 65 65 
65 65 
66 66 66 66 66 82 82 82 97 97 112 
65 
65 65 65 65 80 80 80 80 80 80 80 80 80 80 80 80 81 81 81 96 96 96 95 95 95 95 95 111 111 111 126 127 
127 142 143 143 
80 
80 96 96 111 
111 112 
127 
37 37 37 37 37 37 37 36 36 36 36 
36 36 36 
36 50 
50 50 50 50 50 50 49 49 49 49 49 49 49 49 48 48 48 48 48 48 
63 63 63 63 78 78 
93 
94 109 109 25 25 25 40 40 40 40 40 40 40 40 40 40 
40 40 40 55 55 55 54 
54 54 54 54 54 54 54 54 54 54 54 54 54 54 69 68 68 68 83 83 84 
84 84 84 84 84 84 84 84 84 84 84 84 84 84 
84 84 99 99 114 114 
53 
53 68 68 68 
68 68 68 
68 67 67 
82 82 82 82 82 82 97 97 97 97 97 97 97 113 113 129 
98 
98 98 98 98 98 98 98 83 83 83 83 83 
83 83 83 84 84 84 84 84 84 84 84 24 24 24 
24 24 24 24 23 23 23 23 23 23 23 22 37 37 37 37 37 37 
37 37 
36 37 37 37 37 37 
37 37 37 
37 37 37 37 51 51 
51 51 51 51 66 66 66 81 81 96 96 111 111 127 
142 
142 158 159 159 
26 26 26 26 26 25 
25 25 25 24 24 24 39 39 39 39 
38 38 38 53 53 53 53 53 53 53 68 68 68 67 67 67 67 67 67 82 82 82 82 97 97 97 98 113 113 113 114 114 129 
130 130 130 145 145 146 146 146 147 162 162 178 
23 23 
23 38 38 38 37 37 37 37 37 
37 52 52 51 51 51 51 51 51 51 51 50 65 65 65 65 65 64 64 79 79 79 94 94 95 
110 125 125 
125 125 141 141 141 142 142 158 
47 47 47 47 62 62 62 62 
63 63 63 63 78 79 
79 94 95 110 125 126 141 141 157 157 158 159 159 160 161 161 162 162 162 177 177 177 177 192 192 207 206 206 206 206 205 
79 79 79 79 79 79 79 79 
94 94 95 95 
110 
94 79 79 80 
80 80 80 80 80 80 80 80 
67 67 82 
82 82 82 82 82 82 82 82 82 82 81 81 81 81 81 81 81 81 
81 96 96 96 67 67 
67 67 67 67 67 67 82 82 
82 82 82 97 97 98 98 98 113 114 114 114 
115 115 
116 131 146 146 
22 22 
22 21 21 21 
27 26 26 26 26 26 26 26 25 25 
25 25 25 25 24 
24 24 24 24 24 23 23 23 38 38 38 38 37 37 37 37 52 52 52 51 51 51 51 51 66 65 65 65 65 80 80 80 80 95 95 95 110 110 110 110 126 126 
126 
126 126 126 127 127 127 127 128 128 128 128 143 144 144 
95 96 96 
96 96 81 81 82 97 97 97 97 
48 63 63 63 63 63 62 62 77 
77 77 
77 93 65 65 65 80 80 
80 80 80 80 95 95 95 110 110 126 126 
64 
79 78 78 78 
78 67 67 66 66 
81 81 81 81 81 96 96 111 
11 10 
10 10 10 10 10 9 9 9 
9 8 8 8 8 8 7 7 7 22 21 21 21 21 21 21 20 20 20 20 35 35 35 35 34 34 34 34 34 34 34 34 49 49 49 48 48 48 63 63 63 63 78 78 78 78 
93 
93 93 94 109 109 109 110 110 
110 95 95 95 79 79 
64 64 64 64 64 64 64 63 63 63 
63 78 78 78 
77 11 11 26 26 
26 26 41 40 40 40 55 55 54 69 69 69 69 68 
68 68 68 68 83 82 82 82 97 97 97 98 113 113 128 
144 159 160 
47 47 47 
48 48 48 48 48 
48 48 
48 48 48 48 47 47 47 47 47 47 47 
82 82 
97 97 97 97 112 112 112 
112 113 128 128 
128 129 129 129 
129 114 114 115 115 115 100 99 99 99 99 99 99 99 114 114 114 114 114 99 99 99 99 99 99 84 50 65 65 66 
66 66 66 81 82 82 82 82 83 83 83 
49 49 49 
64 64 64 64 64 64 79 
79 79 94 94 94 94 
36 36 51 50 
50 
50 
65 65 80 80 80 96 96 96 96 96 96 96 
111 111 112 127 127 127 127 
143 143 158 
67 67 82 82 
82 82 97 97 98 98 
98 113 
10 9 24 24 24 24 23 38 38 
38 37 37 37 37 37 37 37 51 51 51 51 51 51 51 66 
25 25 25 25 
25 40 40 39 39 39 39 39 54 54 54 54 
54 54 54 54 37 37 37 37 36 51 51 51 
51 51 51 51 51 51 51 51 66 66 66 65 65 80 80 80 80 95 96 96 96 111 111 112 112 127 128 
143 143 159 159 175 
66 66 66 66 
66 66 66 66 82 82 82 82 82 82 82 
83 
48 48 
48 48 48 63 63 63 63 62 62 62 
50 
65 65 65 
65 65 80 80 80 
80 80 80 80 95 
96 96 
112 127 128 129 144 
145 145 79 79 79 79 
79 80 80 80 80 80 95 95 96 
111 111 127 142 157 158 173 174 175 175 176 177 
24 
23 38 38 38 
38 52 52 52 52 52 52 52 52 51 66 66 66 66 66 66 66 66 66 66 65 65 80 80 80 80 80 80 80 95 95 95 95 95 95 95 110 110 110 126 126 
142 
8 8 8 8 8 23 23 23 22 22 
22 22 22 22 22 
21 21 21 11 11 11 11 26 26 25 25 
25 40 40 40 39 39 39 54 54 54 54 54 54 68 68 68 68 68 
68 68 68 68 25 
24 24 24 24 23 23 23 23 22 22 22 22 22 37 36 36 36 36 36 51 51 51 51 51 51 51 51 51 51 65 65 65 65 81 81 
96 111 111 127 
62 
62 77 77 77 
77 77 93 93 93 93 93 93 93 78 78 78 78 78 78 78 78 78 78 78 79 79 79 79 79 79 23 23 
23 23 23 
23 23 23 38 38 38 38 38 37 
37 37 37 37 
37 37 37 36 36 36 21 21 81 81 81 81 
81 96 96 96 96 111 111 126 126 127 
142 
85 85 85 
85 100 100 100 
100 100 100 100 100 115 115 100 100 100 100 115 115 115 
115 116 116 
131 131 132 147 147 
6 21 21 
21 20 20 20 20 20 20 20 
19 19 19 19 19 34 34 34 33 33 33 
33 
33 33 37 37 37 36 36 
36 35 35 35 
35 34 34 34 34 34 33 33 33 33 
33 33 48 48 48 48 48 48 48 48 
48 48 48 48 48 63 63 63 63 78 78 78 78 
78 
77 77 77 77 77 25 24 24 24 
24 39 
39 11 11 10 10 10 10 
10 10 9 24 24 24 23 23 23 38 37 37 34 34 48 48 48 48 48 47 62 62 
62 62 62 62 62 
62 62 77 
76 76 76 76 76 76 76 76 8 8 23 22 22 22 22 22 22 22 21 21 21 21 21 21 21 21 20 20 20 
20 20 20 19 19 19 19 
19 4 19 
19 19 
18 18 
18 
95 
95 95 95 95 96 96 96 96 96 111 111 
111 111 111 126 127 127 
64 79 79 79 79 94 94 94 
95 95 95 95 95 95 95 110 110 110 111 111 111 111 111 111 111 111 112 127 127 143 98 98 98 98 113 113 
113 113 
113 128 
128 
20 20 20 
20 20 20 21 
21 21 21 36 36 36 51 52 52 67 82 82 
82 98 98 98 
98 98 98 98 113 113 113 114 63 
62 62 62 77 
77 77 77 92 92 92 81 
81 81 81 81 81 81 
81 81 81 81 81 81 96 97 97 
97 98 98 98 
99 99 99 114 115 130 130 131 127 127 127 127 
112 112 113 113 113 98 98 98 83 83 83 84 69 69 69 69 
84 84 85 85 
100 100 100 115 115 116 
8 8 8 8 8 8 7 7 
22 22 22 
81 81 96 96 96 96 96 111 112 
127 127 128 
143 158 173 174 
80 80 95 95 96 96 96 
96 96 111 111 111 111 111 111 111 111 112 112 112 112 112 97 
98 98 113 113 114 129 129 
129 129 129 129 129 129 
130 
9 8 8 8 23 
22 22 22 22 21 21 21 21 21 21 21 20 20 20 
20 35 
35 35 
35 35 35 35 35 35 35 35 34 34 34 34 
49 49 49 49 49 49 48 48 63 63 63 78 78 
78 78 
93 
33 33 33 33 33 33 
33 33 81 81 
81 82 82 
82 98 98 98 99 114 115 130 131 146 147 147 
148 148 
25 24 24 24 
24 24 24 23 23 
38 38 38 38 38 38 37 52 52 52 52 52 52 67 66 66 66 66 66 81 81 81 81 97 97 97 112 112 127 127 142 143 158 173 
174 
4 
19 19 19 
19 19 
19 19 
19 19 19 34 
34 34 34 
34 48 48 48 48 63 
63 
78 
78 78 
78 
78 78 38 38 38 
38 38 38 38 37 37 37 37 37 37 
37 37 37 37 37 36 36 51 51 51 51 51 51 51 51 51 51 51 51 51 
66 66 66 66 66 
66 66 66 81 81 81 81 81 81 81 81 81 81 81 66 66 66 81 81 81 81 81 82 82 97 97 97 97 97 97 97 97 97 97 97 98 98 98 98 98 83 83 
83 83 83 83 83 67 67 67 67 67 67 
67 67 67 67 67 66 66 33 33 33 
33 48 48 
48 
48 48 48 47 
32 32 
32 
32 33 48 48 48 48 
48 63 63 63 78 78 78 
78 93 93 93 94 94 109 62 
77 77 77 
77 77 
78 
78 93 19 19 19 19 19 
34 34 34 34 34 49 49 49 
64 64 
64 64 65 
80 
47 47 47 
47 63 63 
63 78 78 
78 
93 93 93 108 108 108 109 109 109 109 109 109 110 110 95 95 95 95 26 26 26 26 
26 25 25 25 25 
24 39 39 39 39 
38 38 38 38 38 37 37 
37 37 37 37 37 37 51 51 51 51 51 51 50 65 65 65 65 80 80 80 80 95 95 110 125 
140 141 156 156 157 157 158 158 158 159 159 174 175 175 175 175 
10 10 10 
9 9 24 24 23 23 23 23 23 23 22 22 
80 80 80 
80 95 95 95 95 95 95 110 111 
111 
111 112 
94 94 94 94 94 95 95 95 95 95 
95 95 
96 96 96 
96 96 96 96 96 96 96 96 96 
96 112 
50 50 50 
50 50 50 50 50 49 49 
64 64 64 64 63 63 63 63 63 63 63 63 63 78 78 77 77 
77 92 
92 93 93 108 47 47 
47 47 62 62 62 
62 51 50 50 50 50 50 50 65 65 
65 80 80 80 80 80 80 95 95 95 95 95 95 95 95 95 80 80 80 95 80 80 
95 95 95 95 95 96 96 111 111 112 127 128 143 144 
145 
145 
12 12 11 11 11 11 11 
11 11 11 26 26 25 25 25 25 25 25 25 40 40 39 39 39 39 39 39 39 39 38 38 38 38 38 38 38 38 
38 38 52 52 67 67 67 82 82 82 98 24 
23 23 
23 22 22 22 37 36 36 36 36 36 35 35 35 35 35 35 35 49 49 49 49 64 64 64 64 64 
79 79 79 79 79 79 94 
94 94 94 94 94 94 94 94 109 109 
110 95 95 95 95 
95 95 96 111 111 111 112 127 143 143 158 158 
21 21 21 
21 21 21 20 20 35 35 
35 
35 35 35 35 50 50 49 49 49 64 64 64 64 64 79 79 79 79 94 94 
94 
109 109 110 110 110 110 
124 124 139 140 79 79 79 79 80 80 80 95 95 95 96 96 
96 96 81 81 82 82 82 82 97 97 97 98 98 113 113 114 114 129 130 130 145 145 160 175 190 191 
52 67 67 67 
67 67 67 67 82 82 82 
82 82 82 82 97 97 97 97 97 97 113 113 
113 113 113 113 113 113 98 99 
99 114 114 84 84 84 
84 99 99 99 99 
99 99 99 99 99 99 114 114 114 114 114 114 114 114 114 129 129 129 
129 129 144 144 144 144 
145 160 160 159 
63 
63 63 63 63 63 
62 62 77 77 77 77 77 
77 77 
92 92 92 92 107 107 107 107 79 79 80 
80 80 80 80 80 
95 95 96 63 63 63 
63 63 
63 63 63 63 63 63 62 62 62 62 62 62 47 
47 
81 81 81 81 96 
96 96 95 95 
95 96 81 81 81 81 81 81 82 82 82 82 82 83 83 98 
98 83 83 83 84 
84 84 84 
99 100 100 100 101 
23 23 23 23 37 37 37 37 
37 36 36 
36 36 36 35 35 35 35 35 35 35 49 49 49 49 49 48 63 63 63 63 63 
63 63 62 77 77 77 77 77 
77 77 77 77 77 77 77 92 92 92 107 107 108 108 108 109 26 26 26 26 26 
26 26 41 41 41 41 55 55 55 55 55 54 54 54 
54 26 25 
25 25 40 40 40 39 39 
25 
25 25 25 24 
24 24 24 24 24 24 39 39 39 38 38 38 53 53 53 53 53 68 68 68 68 68 83 83 83 83 83 83 98 98 99 99 114 114 
114 
80 80 80 95 95 95 
95 95 110 110 110 110 125 
47 
47 47 62 63 63 63 63 
78 78 78 78 
79 
94 94 94 94 110 110 111 126 142 142 142 158 158 158 158 159 159 160 160 
34 49 
49 49 49 49 49 49 64 
64 
47 47 47 47 47 47 47 
47 47 
47 47 
47 38 38 53 53 
53 53 53 53 67 67 67 
67 82 82 82 82 82 97 97 97 97 97 97 97 98 113 113 113 113 113 
113 113 129 129 129 129 
144 145 145 160 160 175 175 190 191 206 206 207 207 
39 39 
39 54 54 54 54 
116 116 116 
116 116 116 116 115 
115 115 115 115 115 115 115 115 115 115 115 115 115 115 115 115 
115 115 115 115 116 116 116 
116 116 116 116 116 116 116 117 117 117 117 117 24 24 24 24 
23 23 23 23 23 23 37 37 37 
37 65 65 65 
65 65 65 
65 65 65 80 80 80 95 95 110 110 
125 
66 81 
81 96 96 
111 126 142 142 
64 64 64 79 79 79 79 80 95 95 95 95 95 95 95 95 
95 95 
110 111 111 126 126 126 126 141 
142 142 
111 111 111 111 
111 126 126 127 
142 142 157 158 63 63 63 63 63 62 
62 77 77 77 77 77 
77 93 93 68 68 
68 83 83 84 84 84 84 84 99 99 100 
115 64 64 64 64 64 64 
64 64 64 64 64 64 79 79 
79 79 
94 94 
109 
83 83 83 83 83 82 82 82 82 83 83 83 98 98 
98 98 98 98 99 99 99 99 99 99 99 100 100 100 100 100 85 85 85 84 
84 84 69 
69 69 69 69 69 8 8 7 
7 22 22 22 22 22 22 22 22 
37 37 37 37 37 37 36 36 36 36 36 36 51 51 51 51 51 51 51 66 
80 80 81 81 81 66 65 
65 65 65 80 80 80 80 80 80 80 80 80 80 80 96 96 96 
97 112 112 
27 26 26 26 26 
25 25 25 25 24 24 24 24 
24 23 23 23 23 23 23 22 22 22 22 22 37 37 36 36 36 36 36 36 36 51 51 51 51 50 65 65 65 65 80 80 79 79 94 
94 109 
124 140 155 156 156 157 172 172 172 173 
19 19 19 19 
19 19 
19 19 18 33 33 33 33 48 48 25 40 40 40 40 54 54 54 
69 69 84 84 84 99 99 99 99 115 115 115 130 
25 25 
25 25 25 24 24 
24 24 24 24 24 24 24 23 23 23 38 38 38 38 38 38 53 53 53 53 68 68 68 83 83 83 83 98 98 98 113 113 129 129 144 160 
79 79 64 64 64 
79 79 79 79 
79 80 95 95 
95 95 110 
111 111 111 111 111 111 111 111 111 111 111 111 111 111 110 110 110 110 
110 110 110 95 
95 95 95 95 80 80 80 80 80 80 80 80 80 80 81 81 25 25 
25 25 
24 24 24 24 24 24 24 24 24 39 38 38 38 38 38 38 38 37 37 37 37 36 36 36 36 48 48 48 48 48 48 
48 48 47 
47 47 47 47 
47 47 47 47 47 47 
47 47 47 47 47 47 48 48 48 48 48 48 63 63 63 63 63 63 63 24 24 23 23 
23 23 23 23 23 23 38 38 38 37 
37 37 37 37 37 37 37 37 36 36 36 26 26 26 26 26 25 10 10 10 
10 10 25 25 25 24 24 24 39 39 39 39 39 39 39 39 54 53 
53 23 23 23 23 23 23 22 22 
22 22 22 22 22 22 22 
21 21 21 21 21 48 48 48 48 48 48 48 48 
48 48 48 48 48 48 48 48 
63 63 63 63 78 78 
78 
79 94 94 94 94 94 
94 95 110 110 125 
81 81 
81 81 81 81 81 81 96 97 97 97 97 97 97 97 97 97 97 97 112 113 113 113 128 
128 129 129 129 129 145 145 145 130 130 130 
130 130 130 130 130 130 130 130 130 26 
26 26 26 26 25 25 40 40 40 39 39 39 39 38 38 
38 38 53 53 52 52 52 52 52 67 67 67 67 67 67 66 81 81 81 81 81 81 81 81 81 
81 81 81 81 81 96 96 96 96 111 111 111 111 112 97 97 97 97 97 97 97 
113 113 128 128 129 
144 144 
159 175 175 
24 24 23 23 
38 38 37 37 37 
37 37 37 36 36 51 51 51 51 51 51 51 66 66 66 81 81 96 96 96 111 111 126 127 
142 157 158 
9 9 9 8 
8 8 8 8 7 7 7 22 
22 21 21 21 21 21 20 20 20 20 35 34 34 34 34 34 33 48 48 48 48 48 62 62 62 62 62 62 
62 
62 26 26 26 25 25 25 25 
40 40 40 40 40 55 55 55 69 69 69 84 
84 84 84 99 99 99 99 114 114 114 115 115 130 
131 131 132 
78 78 78 78 
78 78 78 78 
79 94 94 94 94 109 109 109 125 125 
7 22 22 
22 21 21 21 20 20 20 20 34 34 34 
34 
34 48 48 48 48 48 48 63 63 63 63 63 63 63 63 63 63 62 
77 77 77 
77 77 77 76 
76 76 26 
26 26 26 25 
25 25 25 25 25 25 40 40 40 40 40 
40 40 40 40 
40 40 40 40 40 40 39 39 39 39 39 53 53 53 53 53 52 52 67 67 66 66 66 66 66 66 65 9 9 9 8 8 8 8 7 7 
7 7 7 21 21 21 21 21 21 35 35 
35 48 48 48 48 48 48 
48 48 48 63 
63 64 64 79 
79 79 
79 94 94 94 109 110 110 125 125 126 126 9 9 8 23 23 23 
23 22 22 22 22 22 
21 21 11 11 11 
10 10 10 10 
25 25 24 24 24 24 24 39 39 39 39 54 54 54 54 
69 69 69 84 84 84 
99 99 114 129 39 39 
38 38 38 53 53 53 53 67 67 67 82 82 
82 83 83 83 83 83 84 84 
84 100 100 100 100 100 100 100 100 100 100 100 115 115 115 115 115 115 115 115 115 115 115 115 115 116 101 101 101 101 101 101 101 
101 86 
86 86 86 86 86 85 100 100 85 85 85 85 85 85 85 85 85 85 85 85 
85 85 85 
85 
100 99 99 114 114 114 114 114 
99 99 99 99 99 99 99 99 99 99 99 100 100 100 100 100 100 100 115 115 115 115 116 
23 23 23 
23 23 23 23 22 22 
22 22 22 37 37 37 37 37 52 52 52 52 67 67 67 67 67 82 82 82 82 97 97 97 112 113 113 128 128 
128 143 
95 95 95 95 80 80 80 80 80 80 80 80 80 80 
80 80 80 80 
80 80 80 
80 95 95 
96 96 111 111 111 111 111 126 126 126 127 
142 
24 24 24 24 23 23 23 
22 22 
22 21 21 21 21 20 20 20 19 19 34 34 34 34 33 33 33 33 33 33 
33 33 79 94 
94 94 94 94 95 95 95 95 110 110 110 110 111 126 127 
12 12 
12 26 26 26 
26 26 26 25 25 25 40 40 40 40 39 39 39 54 54 54 54 54 69 69 69 84 84 99 99 99 100 115 
115 115 115 115 115 
116 116 
116 116 116 117 117 117 117 117 117 118 
118 118 79 94 94 95 95 
95 95 95 95 95 96 96 96 96 96 97 97 97 
98 98 98 98 99 99 114 
115 115 130 131 
33 
33 33 33 
33 22 22 22 22 21 
21 21 21 35 35 35 35 35 34 34 34 34 34 34 49 
49 49 48 48 
48 48 48 48 63 63 63 63 63 63 63 63 78 
79 79 94 95 110 95 95 80 80 80 80 80 80 
80 95 95 95 95 96 111 111 126 126 141 142 
79 79 80 80 80 95 
95 95 95 95 95 95 95 95 95 110 110 110 110 110 110 125 
125 126 141 141 141 141 
9 9 24 
24 24 24 24 24 
24 39 39 39 39 39 39 
54 54 54 54 54 54 54 54 54 54 69 69 69 69 84 84 84 84 
84 99 99 99 
99 99 99 100 100 
100 100 33 33 33 33 33 33 33 48 48 48 48 48 48 63 64 64 79 79 79 79 
94 94 95 95 95 95 111 111 111 111 111 112 112 112 112 112 112 
32 
47 47 47 80 80 80 80 80 80 95 95 95 95 95 95 95 110 110 110 
33 33 
49 49 49 64 64 
64 
112 112 112 113 113 113 113 
129 
129 129 
95 95 
95 110 110 110 110 
125 125 126 65 65 
65 80 79 79 79 
79 64 64 64 63 63 63 63 
63 63 62 62 
62 62 
62 
62 83 83 83 
83 83 83 83 83 83 82 82 82 82 
82 82 97 97 82 97 97 97 97 82 82 
82 82 66 66 66 
66 66 51 51 51 51 
50 65 65 65 65 65 80 65 
65 81 81 98 97 97 
97 98 113 113 113 
24 24 24 24 
23 38 38 38 
38 38 38 53 52 52 68 68 68 68 83 83 84 37 37 36 36 36 36 36 36 36 36 36 36 36 35 20 20 35 35 
35 35 35 35 35 50 50 50 50 49 49 49 49 49 49 49 64 64 
65 65 80 80 
95 95 110 110 126 126 141 156 172 187 187 202 
34 34 34 34 
34 34 33 33 33 33 33 48 
47 47 47 47 32 
32 
39 53 53 53 52 52 52 52 67 66 81 81 82 97 
97 97 112 112 113 128 128 129 
144 159 159 
99 99 99 99 99 99 98 98 98 98 98 83 83 83 83 83 83 83 82 
82 82 81 81 81 81 80 80 95 95 
95 95 110 110 111 126 
141 142 
63 63 
63 63 78 78 78 78 78 78 78 78 78 
78 78 78 
93 93 93 64 64 64 
64 64 64 64 79 
79 79 79 79 79 79 79 79 94 94 94 94 94 70 
70 69 69 69 69 69 69 69 69 69 69 69 69 69 54 54 54 54 54 54 54 54 54 53 53 53 53 53 
53 53 53 68 67 67 24 24 23 
23 38 38 37 37 37 37 36 36 51 51 51 66 66 66 81 81 81 
81 96 78 78 78 78 
77 77 77 
77 77 77 77 9 23 
23 23 23 23 
22 37 37 37 37 37 37 36 36 36 51 51 51 51 51 51 51 66 66 66 82 82 82 97 97 97 97 112 113 
113 113 113 113 114 114 114 114 114 114 114 115 115 115 115 130 
131 131 146 146 146 147 147 147 147 147 162 162 162 
162 162 26 26 26 26 26 25 25 25 25 25 24 24 24 24 24 24 
23 23 23 23 38 38 
37 37 37 37 37 37 52 
52 51 51 
51 51 51 51 51 51 51 51 51 66 65 65 65 65 65 65 65 65 80 80 79 94 94 94 
109 
109 109 124 124 124 124 124 124 139 140 140 140 140 51 50 
50 50 50 50 50 50 50 
65 65 65 65 65 65 65 65 65 64 64 79 79 79 79 79 94 95 95 95 95 95 95 
95 95 95 95 95 95 95 95 95 95 95 95 95 95 95 95 95 94 
109 109 109 109 109 109 109 124 124 124 125 125 140 62 
62 62 62 63 63 63 78 
78 78 93 36 
36 35 35 35 35 35 50 49 49 49 49 49 64 64 64 64 64 64 79 79 79 79 79 79 79 79 79 79 79 79 79 78 78 
78 78 78 78 78 78 93 93 93 93 93 93 93 93 109 109 109 47 
47 47 47 47 
47 11 11 10 10 25 
25 24 24 24 24 23 23 
23 23 23 
22 22 37 37 37 36 36 36 36 36 36 36 36 36 35 35 35 35 50 
50 50 50 49 49 49 49 49 49 
49 49 49 49 49 49 
49 49 49 64 64 63 63 63 63 78 78 78 93 
93 93 109 109 
125 26 11 
11 26 26 25 
25 25 25 24 24 24 24 24 23 38 38 38 38 37 37 37 37 52 52 52 52 52 67 67 67 67 82 82 97 97 97 112 112 112 112 112 112 
112 112 111 111 111 111 111 127 127 
127 127 127 127 48 48 48 48 48 
63 63 63 63 63 63 63 77 77 77 77 77 77 77 77 
77 77 23 22 22 37 
37 
37 37 37 33 33 33 33 48 48 
49 49 49 
64 64 64 
64 64 64 79 79 79 79 79 79 79 79 79 79 94 
94 94 94 94 94 94 94 94 94 94 94 94 94 94 94 94 94 94 94 94 94 95 110 110 52 52 52 52 52 
51 51 51 51 66 66 66 81 81 
81 96 96 97 97 97 97 98 98 98 98 98 98 98 98 113 113 113 113 113 113 114 114 114 114 114 
114 114 113 113 113 113 128 128 128 129 
129 129 129 
64 64 64 64 64 64 64 79 79 79 79 79 79 79 79 94 95 95 
110 111 111 111 112 112 
20 20 20 19 19 19 19 19 34 34 
34 34 33 48 48 48 48 48 63 63 63 64 64 79 79 79 80 95 
96 97 112 113 128 144 159 159 
81 81 81 81 96 96 96 96 
96 96 
33 47 
47 47 47 47 
47 47 21 36 36 35 35 35 35 35 34 
34 34 34 
34 34 34 34 34 34 33 33 33 33 
33 33 33 
32 32 32 32 32 
32 31 
26 26 
26 26 26 26 
25 25 25 25 40 40 39 39 54 54 54 69 69 69 
84 84 84 84 84 84 84 84 84 
84 84 84 84 84 84 84 84 84 84 84 99 99 99 99 98 22 22 22 22 
37 36 36 36 36 51 50 50 50 50 65 
65 65 65 80 80 80 96 96 96 
96 97 112 112 113 113 114 
114 115 115 130 
64 63 63 63 63 62 62 
62 
62 
63 62 
62 62 62 77 
77 77 77 77 77 25 40 40 40 
40 40 40 40 40 40 40 
40 40 40 
40 41 41 41 41 56 
56 56 
56 55 70 70 
70 70 70 70 70 85 85 85 85 85 25 24 
24 39 39 39 39 54 
54 69 69 69 69 84 84 84 84 99 99 99 114 129 144 
63 63 63 63 63 63 63 63 
63 78 78 78 
78 65 65 80 79 
79 79 79 79 79 95 95 95 95 110 110 
34 34 
34 34 33 33 
33 
33 33 
33 33 
48 48 47 47 47 47 
47 
47 
47 46 46 46 11 11 11 11 11 26 
25 25 25 25 25 25 25 
24 24 24 24 24 24 39 39 38 38 38 38 38 38 38 37 37 37 37 37 37 37 36 36 36 36 36 36 51 51 51 51 51 66 66 65 65 65 80 80 96 96 111 111 126 127 142 
158 173 188 189 189 
19 19 19 19 19 19 19 19 19 
34 34 34 34 34 34 
34 34 34 34 34 34 49 49 49 49 49 49 64 65 
65 65 65 
48 48 63 
63 63 63 
78 77 77 
77 77 
77 92 92 50 50 49 
49 49 64 
64 63 63 63 78 78 78 78 79 79 79 79 79 79 78 78 78 
78 78 
93 92 92 92 107 108 26 25 25 25 
25 24 24 24 24 24 
39 38 38 38 38 
38 38 53 53 53 53 
68 68 68 68 83 83 83 84 84 84 84 99 100 100 100 100 100 100 
100 100 100 100 100 
100 34 34 34 
34 49 49 
49 50 
50 
50 8 8 22 22 22 22 22 21 36 36 
36 51 
51 51 51 51 51 51 51 51 51 51 51 51 51 50 50 50 65 65 65 65 65 65 80 80 80 80 80 80 80 65 65 65 65 65 64 64 64 64 64 64 64 63 63 63 78 78 78 
93 93 
93 93 93 108 108 108 109 4 19 19 19 19 19 
19 19 19 19 19 19 19 
34 33 33 33 33 33 33 
70 70 70 54 54 54 54 39 54 54 54 
69 69 70 22 
22 22 22 22 22 22 22 22 22 37 37 37 37 52 52 52 
111 111 111 111 
111 111 111 111 111 111 
112 127 127 52 52 52 
52 52 52 52 52 52 
67 67 67 67 67 82 82 82 82 82 82 82 82 82 82 82 82 97 97 97 98 113 113 113 114 114 114 115 115 116 116 117 
117 133 163 163 178 192 177 177 177 162 162 162 
148 163 163 96 96 
97 97 97 97 82 82 
82 82 83 83 83 98 98 98 114 114 
130 
130 131 132 147 147 163 
24 24 24 24 39 39 39 54 
54 54 54 69 69 69 69 84 
84 85 
85 85 100 99 99 99 
84 84 84 84 83 83 83 83 83 83 83 82 82 82 82 82 82 97 97 97 112 112 
128 128 143 
159 174 189 205 205 206 207 207 
63 63 63 63 63 63 63 78 
77 77 
77 77 77 77 92 92 92 92 92 92 80 
80 80 80 80 80 95 95 95 95 95 110 
110 126 126 142 
157 157 157 158 173 173 188 188 
187 202 67 67 67 66 
66 81 81 81 81 81 96 96 97 112 112 112 
128 128 50 50 65 
65 65 64 64 64 64 
64 64 64 64 64 64 64 63 63 63 63 63 63 78 78 78 
93 93 
93 108 108 50 65 65 65 
64 64 64 64 64 64 79 79 79 79 79 79 94 94 95 95 95 95 
96 111 27 27 26 26 26 26 25 25 25 25 9 9 9 9 9 23 
23 23 23 23 22 37 
37 37 37 52 52 52 52 51 51 51 66 66 66 66 66 66 66 81 80 80 80 80 80 80 79 79 79 79 79 79 79 79 79 
79 79 79 79 79 79 79 94 94 94 94 95 110 
110 126 126 141 142 142 
68 67 
67 82 82 82 82 82 82 82 82 
82 82 97 97 97 97 112 112 
127 142 
143 158 
63 63 63 63 63 63 77 
77 77 77 
77 77 24 23 
23 23 23 23 
22 37 37 37 36 36 36 36 36 
50 50 50 50 
10 10 10 
25 25 25 25 25 25 25 40 
40 40 40 40 40 40 39 
39 39 39 39 39 38 53 53 53 
53 52 52 52 52 52 52 51 51 51 51 51 50 50 50 50 50 50 50 49 49 49 49 49 49 49 49 63 63 63 63 63 63 63 63 63 62 77 77 77 
77 92 92 
108 123 124 140 
8 8 
7 22 22 22 22 22 
22 37 37 36 36 36 36 
36 36 36 51 51 51 51 51 66 66 66 81 
81 97 
97 112 
66 66 81 81 81 82 
82 97 
97 
113 113 128 
66 66 
66 66 66 81 81 81 81 
81 96 96 96 81 81 81 
96 96 95 95 95 110 110 
110 33 33 33 48 48 63 
63 63 63 
78 
78 78 
78 93 93 94 94 109 109 110 110 110 125 125 125 140 140 141 141 156 23 
23 23 23 22 
22 22 22 22 
22 22 22 22 22 22 22 22 21 21 36 36 36 36 36 36 
51 51 51 51 51 51 66 66 66 67 67 67 67 67 67 67 67 67 67 82 82 82 97 112 112 128 
128 
143 144 160 161 161 161 147 147 147 148 163 163 
64 64 64 79 79 79 79 94 95 95 
95 95 
111 111 111 
112 112 112 
113 128 128 129 129 129 130 130 
130 130 27 26 26 26 26 25 
25 25 25 25 25 24 24 39 39 39 39 39 
54 54 54 54 69 69 84 84 99 99 99 99 99 99 99 99 99 99 99 99 99 99 99 99 99 99 99 99 99 99 99 99 99 114 114 115 115 130 131 131 131 132 
117 
117 69 69 69 
69 69 69 84 84 84 84 
84 84 84 84 84 84 84 84 84 84 99 99 99 99 99 99 99 99 98 98 98 98 
113 65 65 65 65 65 65 80 80 80 80 
63 63 
63 63 63 63 63 78 
78 78 
78 
78 78 78 78 93 93 93 93 94 94 94 94 24 24 24 
23 23 23 37 37 37 36 51 51 51 66 66 66 66 66 81 81 81 81 
81 27 27 26 26 26 26 26 
26 26 25 25 25 
25 25 25 
25 25 25 40 39 39 39 39 39 39 38 38 53 
53 53 68 68 67 67 82 82 82 82 82 82 82 97 97 97 97 97 97 112 113 
113 
95 95 95 95 95 
110 110 110 111 126 126 127 142 
142 
79 79 79 79 79 79 79 79 
79 79 79 79 94 94 94 94 94 94 94 94 94 
94 94 94 94 95 110 110 110 126 126 
50 
50 50 
65 65 65 65 80 80 80 80 95 95 95 111 111 126 
127 
32 32 32 32 47 47 
47 47 62 62 62 62 77 
77 77 92 92 92 92 107 107 19 19 19 19 19 19 19 19 19 
19 19 34 34 34 34 34 34 34 34 35 50 50 50 49 49 49 49 64 64 64 64 64 64 64 79 79 80 
80 95 95 95 
95 95 80 80 80 80 
80 79 79 79 79 79 65 65 65 65 65 
65 65 65 65 65 65 65 
65 65 80 80 80 80 80 80 95 95 95 95 95 95 95 110 110 110 110 95 111 111 111 111 111 112 127 127 
127 127 127 127 127 127 
127 127 127 127 127 128 
128 128 129 24 
23 23 23 38 38 37 37 37 37 52 52 51 51 51 66 66 66 66 66 66 66 66 66 66 
66 66 66 66 66 66 66 66 66 66 
66 66 66 66 66 81 81 81 81 81 81 81 81 81 81 81 96 96 96 96 96 96 111 112 112 112 127 127 127 142 
62 62 62 62 
62 47 62 62 62 62 77 77 77 
77 77 77 77 77 77 92 9 9 
9 8 8 8 8 7 7 7 7 7 6 6 6 6 5 5 5 5 
4 4 4 
4 4 4 
19 18 4 4 19 19 19 19 19 19 19 34 34 34 34 34 34 34 34 19 19 19 19 19 19 
19 19 19 19 
19 19 
19 19 20 20 35 35 35 35 35 35 35 35 
35 35 34 
34 34 34 34 34 34 49 49 
49 10 10 9 9 24 24 24 24 24 23 23 23 23 
23 23 23 38 38 37 37 
37 37 37 37 37 36 36 36 36 36 36 35 35 35 35 35 50 50 49 49 49 49 49 49 
49 64 
64 64 64 64 64 64 64 64 64 64 64 64 64 64 48 48 48 48 48 48 48 48 48 47 47 47 47 47 47 47 47 
47 
47 47 22 22 
37 37 37 52 52 52 52 52 52 52 36 36 
36 36 36 36 
51 51 51 51 
51 51 51 51 51 50 50 50 50 50 49 49 49 64 64 63 63 63 63 78 78 78 79 
94 94 95 95 95 
21 21 21 21 21 
21 21 
21 20 20 20 
20 19 19 34 34 34 34 33 
33 33 33 33 33 34 34 
33 33 33 33 34 34 66 66 66 
66 66 66 66 66 66 66 66 81 81 81 81 81 
81 96 96 111 111 127 
37 
37 37 37 36 36 36 51 51 51 51 
51 51 50 50 50 50 50 50 49 49 49 24 24 24 24 38 
38 38 53 53 52 52 52 52 67 67 67 
67 10 9 24 
24 24 23 23 23 23 37 37 37 37 52 52 52 51 51 66 66 66 66 
66 66 65 65 65 65 65 64 64 64 64 64 63 63 78 78 78 78 
78 78 
93 93 93 93 70 70 69 69 69 69 69 69 84 84 
84 83 83 98 98 
12 27 
26 26 26 26 26 25 25 
25 25 25 24 39 39 39 39 39 38 38 38 
53 53 53 53 
68 67 67 82 82 82 97 97 97 97 97 112 113 113 113 113 114 
114 114 114 114 114 114 114 114 99 99 99 99 99 98 98 98 98 98 
98 98 98 98 98 113 113 113 113 113 113 113 113 128 128 129 144 144 
159 
175 190 190 206 221 
222 237 11 11 11 11 10 10 
10 10 10 25 25 25 
39 39 39 54 54 54 54 
69 69 69 84 
84 83 83 83 83 83 83 83 98 98 98 98 98 98 98 98 98 98 113 113 113 113 113 113 128 128 
128 128 143 144 144 
9 8 8 8 23 
22 22 22 37 37 37 37 52 52 51 51 51 
51 51 51 
94 79 79 79 79 79 79 79 79 79 79 79 
80 25 25 25 39 39 39 39 39 39 39 54 
53 53 53 53 
53 53 53 52 52 52 52 52 52 52 
52 67 66 66 66 66 81 81 81 81 80 80 80 95 95 95 
95 96 111 111 111 111 111 111 111 112 112 112 
112 128 
63 63 63 63 
63 63 63 63 
63 78 77 77 
77 
77 92 92 92 93 108 
63 63 63 63 63 63 78 78 78 78 78 78 78 78 78 78 78 78 78 79 79 79 79 79 79 
79 79 79 64 64 79 79 79 
79 94 94 94 95 95 
110 110 110 111 
111 112 113 113 129 129 
20 
20 19 19 19 19 19 33 33 
33 33 33 33 94 95 80 
80 80 80 80 80 95 95 95 95 96 
111 111 111 111 112 
80 80 80 95 95 95 95 95 95 95 95 110 110 110 110 110 110 126 126 
8 8 8 8 8 
8 
7 7 22 22 22 7 7 
22 22 22 22 22 22 22 
21 21 21 21 21 21 64 64 64 64 64 64 
64 64 79 79 79 94 94 
94 79 79 79 79 79 79 79 
64 64 64 79 80 80 80 80 80 80 80 80 95 95 95 95 
95 111 111 111 112 66 66 66 
66 66 81 81 81 81 82 
23 
38 38 37 37 37 37 37 37 
52 51 51 51 51 51 51 51 51 51 51 50 50 36 
36 35 35 35 
50 50 50 65 41 41 41 41 41 55 55 55 
55 55 54 
69 69 69 69 69 84 84 84 84 84 84 83 83 83 
83 83 83 83 
83 98 98 98 98 98 98 98 99 114 114 129 130 130 
50 50 50 50 
50 65 65 64 64 64 
79 79 
79 78 78 78 
78 93 
93 93 93 93 108 108 108 109 66 
66 66 
66 81 
81 82 82 82 97 97 97 112 
112 128 128 143 143 143 
144 144 144 145 145 146 146 147 132 133 
133 27 27 
27 27 27 42 41 41 56 56 56 
71 51 51 
66 66 66 66 
66 82 82 82 82 
82 
79 79 95 95 95 95 95 95 95 
95 95 80 80 80 79 79 79 
79 79 79 79 79 78 21 21 
20 35 35 
35 35 35 
35 35 35 35 35 35 35 35 34 34 34 
34 34 49 49 49 49 49 63 63 63 78 78 78 
78 78 
92 92 92 92 92 92 92 92 108 108 123 123 25 25 25 
25 24 24 24 39 39 
38 38 38 38 38 38 38 37 37 37 37 37 37 52 52 52 51 51 51 51 51 66 66 66 66 81 81 81 96 96 96 112 112 112 127 128 143 143 159 
160 175 175 191 
10 10 9 24 24 24 24 24 
24 24 24 24 
39 38 38 38 38 38 38 37 37 37 52 52 52 52 51 51 51 66 66 66 65 65 65 80 80 80 95 95 111 126 127 143 
158 
80 80 80 95 95 95 
96 111 111 111 112 112 128 128 128 128 
143 143 
97 97 97 97 97 97 97 97 82 82 82 67 67 67 52 52 52 52 68 83 83 98 97 97 97 97 97 97 97 97 97 83 
83 83 83 83 83 83 83 67 67 67 52 
52 51 51 51 
51 19 19 19 
19 19 34 33 33 33 33 33 33 33 32 32 32 32 32 32 32 32 
32 
98 113 114 
113 113 114 114 114 114 115 130 130 
20 19 19 
19 19 19 19 19 19 
19 19 19 34 34 34 34 34 34 34 34 34 34 34 33 33 33 33 33 33 33 33 
33 33 18 18 18 18 18 18 
18 18 18 18 33 33 33 32 32 32 33 33 
48 48 
48 
48 48 64 64 64 
64 80 95 96 111 112 127 128 144 145 160 161 176 177 193 208 
40 40 40 40 54 
54 54 54 54 54 53 53 53 53 53 53 53 53 53 53 52 
52 52 52 52 52 52 67 
67 67 67 
67 81 81 81 96 96 111 111 111 112 127 128 128 129 
22 21 21 
21 21 20 35 35 35 
35 34 34 34 49 49 49 64 64 79 79 94 
94 
110 110 
68 68 68 83 
82 83 98 98 99 114 115 115 115 116 
116 116 8 7 
7 22 22 21 21 21 21 21 
20 20 20 27 27 26 
26 26 26 26 26 
26 26 26 25 25 25 25 25 25 25 25 25 25 40 40 40 40 39 39 39 39 39 39 39 53 53 53 53 53 53 68 68 68 83 83 83 98 98 98 98 113 113 113 113 128 128 128 144 144 
144 160 160 
52 51 51 
51 51 51 51 
51 51 66 66 66 66 81 81 81 
81 81 81 81 
81 81 26 26 
26 26 26 26 26 26 41 
40 40 40 40 40 40 55 55 54 54 54 54 68 68 
68 68 83 83 83 98 98 98 98 98 98 98 98 99 99 
99 99 99 99 99 99 99 99 99 84 84 84 39 
39 39 39 39 
39 39 39 39 39 38 38 53 66 
66 81 81 81 
81 96 97 
23 23 38 
38 38 38 37 37 37 
10 
10 10 10 10 9 24 24 24 23 23 23 23 38 38 38 37 37 37 52 52 53 53 53 
53 23 23 22 22 
22 37 37 37 37 37 37 37 36 36 36 36 21 21 36 36 36 36 36 35 35 35 35 35 35 35 35 35 35 50 50 50 50 50 49 49 49 49 49 64 64 64 64 64 64 64 63 63 63 63 63 63 63 78 78 
78 78 78 78 78 78 78 78 78 78 78 78 
78 78 78 78 78 78 78 78 93 
93 93 92 92 107 107 63 63 78 78 78 78 78 78 78 78 78 78 78 78 78 78 63 63 
63 63 63 62 
62 62 62 62 77 77 
77 77 77 62 62 62 62 62 62 
62 25 25 25 
40 39 39 39 39 38 38 38 38 
38 52 52 52 52 52 52 66 66 66 66 66 81 81 81 81 81 81 96 96 95 95 95 95 95 95 110 110 110 110 110 110 111 111 96 96 96 
96 96 96 111 111 111 126 127 142 143 
158 159 175 175 190 191 192 192 193 
83 83 
83 83 83 98 98 98 98 98 98 98 83 83 83 83 83 83 82 82 
82 82 82 82 82 67 67 67 66 66 66 
66 66 66 66 66 81 81 81 81 
81 81 81 
81 81 81 81 81 81 81 81 81 81 81 81 80 80 80 
80 95 95 95 95 
95 95 95 95 95 95 95 95 80 
80 80 80 80 80 80 79 79 79 79 
79 79 94 
94 
95 
19 19 19 19 19 34 34 
34 34 34 34 34 
49 49 49 49 49 49 49 50 65 65 65 81 81 81 81 97 97 97 97 97 97 97 97 97 97 97 97 98 98 98 98 98 98 114 114 114 130 
130 145 
146 146 162 162 178 178 179 
33 48 
48 47 47 47 47 62 63 63 63 62 62 
77 77 
77 
92 63 63 63 63 63 63 
63 63 78 79 79 79 94 95 95 95 95 
26 26 26 26 26 26 26 25 25 25 25 25 40 
40 40 39 39 39 39 39 39 39 39 38 38 38 38 
38 37 37 63 63 78 78 78 63 
63 79 79 
79 64 79 79 79 79 79 79 79 95 95 23 23 22 37 37 37 37 37 37 37 51 51 51 66 66 66 65 80 80 80 
95 95 95 95 96 96 96 96 96 96 111 111 112 112 112 127 128 
48 48 
48 48 47 
47 47 47 47 47 47 
47 
100 100 
100 116 116 
131 
8 7 7 
22 22 22 21 21 21 
21 36 35 35 35 
50 50 50 50 65 65 80 
81 96 97 112 128 144 
20 
20 20 20 20 20 20 35 35 35 35 35 50 
51 51 66 66 67 67 82 83 81 
81 81 96 96 96 96 
48 48 
48 48 48 48 48 63 63 63 
63 78 
78 
78 78 93 92 95 95 95 95 
96 96 96 111 111 111 
111 111 111 111 111 
111 112 112 112 113 113 
33 33 33 33 33 33 33 48 48 48 
48 48 48 63 
63 63 63 63 63 63 63 63 63 63 63 
63 63 63 48 48 48 
48 48 48 48 48 48 48 48 33 33 68 68 67 67 67 67 67 67 67 
67 67 68 68 68 
68 68 68 84 99 99 99 114 115 115 130 130 130 146 146 146 
146 146 147 147 147 147 132 132 
24 23 23 23 23 22 22 22 22 22 
47 47 47 47 47 47 
47 
144 144 144 129 129 129 130 130 130 130 130 115 115 115 115 115 115 115 115 130 130 130 130 130 
115 115 115 116 116 131 132 147 147 162 
162 163 
37 37 37 
37 37 36 51 51 51 51 51 51 65 65 80 
51 50 
50 
50 51 51 
51 51 52 52 67 68 
22 22 22 22 
22 21 21 21 36 
36 36 35 35 35 35 35 35 34 34 34 34 49 48 48 48 48 48 48 48 47 47 62 62 62 
62 62 
61 61 61 76 76 92 92 107 123 23 22 22 22 22 21 
21 21 21 21 35 35 
35 20 20 19 19 19 34 34 34 34 34 34 33 33 33 33 
98 98 98 98 98 98 98 98 113 113 
113 113 113 113 128 128 144 144 160 
161 176 
63 63 63 63 62 
62 47 47 47 47 47 47 
42 42 
42 42 42 42 57 
57 56 56 56 56 56 77 
77 62 62 77 77 77 
77 77 77 77 77 77 77 77 77 77 62 62 62 62 111 111 
111 111 126 127 127 127 142 143 143 
27 26 26 26 26 26 
25 25 25 25 25 24 39 39 39 38 38 38 38 37 37 37 
37 37 37 36 36 36 51 51 51 51 50 50 65 65 65 80 80 80 95 95 110 110 
110 126 
126 141 
157 157 157 172 
66 
66 80 80 80 95 96 111 111 
127 127 143 144 
144 145 146 146 147 147 148 148 148 
40 39 39 39 39 39 54 
53 53 53 68 68 68 68 82 82 82 82 97 97 112 
112 112 127 128 
143 143 
143 
26 26 26 26 
26 26 25 40 
40 40 40 40 40 39 39 39 39 39 39 39 53 53 53 53 53 53 53 68 68 67 23 23 23 23 23 23 22 22 22 22 37 36 36 36 36 36 51 50 50 50 50 50 65 65 65 79 
79 79 94 95 110 110 125 125 
140 
95 
95 95 95 95 95 95 95 95 95 95 95 95 110 110 110 
65 79 79 79 79 79 94 94 95 95 
110 110 111 127 
19 19 19 19 19 19 19 34 
34 34 34 
34 34 34 34 34 34 34 33 33 33 33 
33 33 48 48 48 
48 48 22 22 22 22 22 22 22 22 
21 21 21 21 21 
21 21 21 36 36 36 36 36 35 35 35 35 35 35 35 
35 35 35 34 34 34 34 34 
34 34 34 34 34 34 34 34 48 48 48 48 48 48 48 48 48 47 47 47 47 62 62 62 62 62 62 62 
62 62 62 62 
62 80 80 
95 
95 111 126 142 
142 143 
65 
65 65 65 65 
65 65 65 65 54 53 53 53 
53 68 68 68 53 52 52 52 52 52 52 51 
51 51 25 25 24 24 24 
24 24 39 39 39 39 54 54 54 54 53 53 68 68 68 
83 83 83 98 98 26 
26 26 26 26 26 26 25 25 25 25 25 25 25 40 40 
40 40 39 39 39 39 39 39 39 39 39 38 38 38 38 38 23 23 38 38 38 38 52 52 67 67 67 83 
83 83 
83 83 83 98 98 98 98 97 97 97 112 22 
21 21 21 21 36 36 36 35 35 
53 
53 53 67 
67 67 67 67 67 82 82 82 82 82 82 83 83 83 83 83 83 83 83 83 83 83 83 83 98 98 98 113 128 
128 143 159 159 
12 12 11 11 11 11 11 11 
10 25 25 25 25 24 24 24 
24 23 23 38 38 38 38 37 37 37 37 52 52 52 52 52 52 51 66 66 66 66 66 66 66 81 81 80 80 80 95 95 95 111 111 111 127 127 
128 144 144 160 161 176 177 178 
25 25 
10 10 25 24 24 24 
24 24 23 23 23 38 38 37 37 37 37 52 52 51 51 66 66 66 81 81 96 96 95 111 111 126 141 142 
142 
158 159 160 160 161 162 
33 33 33 33 33 33 33 48 48 48 48 
48 48 48 48 48 48 48 48 
48 48 48 48 48 48 63 63 63 78 78 
93 
93 
109 124 124 124 
67 66 66 
66 66 81 81 
81 80 80 80 80 80 80 80 80 95 95 95 95 111 111 111 127 142 143 158 
48 
63 63 63 63 63 63 78 
78 23 23 23 23 23 22 22 22 
22 22 22 22 22 21 21 21 21 21 21 20 20 20 20 20 20 20 19 19 19 19 19 19 19 19 34 34 34 34 34 34 34 34 34 
33 33 33 33 33 
33 33 33 33 33 33 33 33 32 32 32 32 32 32 32 
32 7 6 6 6 
21 20 20 35 35 35 35 
35 34 34 
34 34 34 34 49 49 
49 49 49 49 49 49 48 48 48 48 48 48 48 48 48 
48 48 48 48 48 48 48 63 63 63 63 78 78 93 
93 93 109 10 25 
25 25 25 25 25 24 
24 24 24 24 24 8 8 8 8 
8 8 7 7 7 7 7 6 
21 21 80 80 80 
80 
80 80 
80 80 
80 80 80 
80 80 80 80 80 80 80 80 80 80 
81 96 96 111 
112 112 127 
37 52 
51 51 51 51 51 51 
50 50 50 50 50 50 50 65 65 65 65 65 65 64 64 64 65 80 80 
80 80 
96 111 111 126 
142 
157 24 24 24 23 23 23 23 23 23 23 22 22 22 22 22 
22 37 37 36 36 36 36 36 
36 36 36 36 36 36 36 35 50 50 50 50 50 65 65 65 65 80 80 95 96 111 126 141 141 
142 
142 142 
65 65 80 80 80 80 80 
95 96 
96 96 96 96 111 111 111 111 112 112 112 127 127 127 128 128 129 
129 
127 
127 127 127 112 112 111 111 111 111 110 110 
110 95 111 111 
111 111 
126 126 
34 34 34 34 34 34 34 
34 34 34 34 34 34 34 34 34 34 34 
33 33 33 33 33 
33 
33 33 33 
4 4 
4 4 4 4 4 4 
4 4 4 4 4 4 
4 4 8 8 
7 7 22 22 22 21 21 
23 
23 23 38 38 38 38 38 38 53 53 53 54 69 69 84 99 114 
129 144 
38 38 38 53 53 52 
52 52 67 67 67 67 67 67 67 
67 82 82 82 82 97 97 98 113 114 129 
23 
22 22 22 22 
22 22 22 21 36 36 36 36 36 36 36 51 51 51 51 51 65 65 65 65 80 81 81 96 96 96 111 111 111 111 112 
112 112 
112 112 112 112 112 112 
112 97 97 97 97 97 97 82 82 82 82 82 82 82 83 98 98 98 98 98 98 98 98 98 98 98 98 98 98 98 98 98 19 19 19 34 
34 34 33 33 48 48 48 48 47 
47 47 47 
47 47 
47 46 46 46 39 39 39 39 39 38 38 38 38 37 37 52 51 51 51 66 66 66 81 80 80 80 80 95 
96 96 111 111 
127 127 143 
41 41 
41 41 40 40 55 55 55 55 54 54 69 69 84 
84 99 99 99 114 114 129 129 145 
145 
160 
23 23 23 23 22 22 22 37 
37 37 37 37 36 51 51 51 66 66 66 66 
66 67 67 67 67 67 82 82 82 82 97 97 97 97 97 97 97 97 97 97 98 98 98 98 98 99 99 99 99 100 100 100 100 100 100 116 116 116 116 116 
131 
9 9 9 9 9 9 9 
9 9 24 24 24 23 23 23 23 23 23 38 38 38 38 38 38 38 38 38 38 38 38 38 38 38 38 38 38 37 37 37 37 52 
52 52 52 67 67 82 82 82 97 98 98 83 83 83 83 68 
68 67 67 
67 82 81 81 81 81 81 81 81 81 81 81 81 81 66 66 66 66 66 63 63 63 
62 62 62 
77 77 77 77 77 76 76 91 91 92 92 
92 92 
24 24 24 39 39 38 
38 38 38 38 38 38 38 38 53 52 52 52 52 52 52 51 66 66 66 66 
66 81 81 81 81 96 96 96 111 111 112 
127 127 142 142 143 158 158 159 159 160 160 161 161 161 176 176 191 191 206 206 206 206 205 205 
79 79 79 94 94 94 94 94 94 
94 94 94 94 94 94 95 
95 95 110 110 
110 110 110 125 126 126 126 126 127 127 
127 127 127 128 128 128 128 128 129 129 129 129 145 145 145 146 161 162 163 163 163 179 179 179 180 180 180 180 195 
195 195 195 195 180 180 25 25 
24 24 24 
39 38 38 38 38 52 52 52 52 52 51 51 51 51 66 66 65 65 65 65 65 65 80 80 80 80 80 80 95 95 95 96 96 111 112 127 127 143 
143 144 144 144 145 146 146 146 162 162 177 177 177 177 177 177 
177 23 23 37 37 
37 
52 52 52 51 66 66 66 66 81 81 81 97 97 97 97 97 97 97 112 113 113 113 
113 113 114 
114 114 115 19 19 19 19 19 19 19 34 
34 34 34 34 49 49 49 49 49 49 49 49 49 49 49 49 49 48 48 33 33 33 33 33 33 33 33 33 33 33 
25 24 24 
24 24 23 23 
23 23 23 22 22 22 22 22 22 22 21 36 36 36 36 36 36 35 35 35 35 50 
50 
50 50 50 64 64 64 64 64 79 79 79 79 94 
94 94 109 109 109 125 
125 140 141 141 157 
66 65 65 65 65 80 80 80 80 
95 95 95 95 
95 110 111 111 126 
126 
82 82 82 
82 82 82 82 82 82 82 82 
81 81 
81 82 96 96 97 97 97 97 97 81 81 81 81 81 81 81 96 96 96 112 112 112 128 128 129 129 
25 25 25 25 24 24 24 
24 24 24 23 23 23 23 
38 38 38 37 37 52 52 52 52 52 52 67 67 67 67 82 82 82 98 98 98 113 114 114 130 
130 130 145 145 
146 146 147 133 
27 41 41 41 41 41 40 40 40 40 40 55 54 54 
54 69 69 69 
69 69 69 69 69 69 68 68 68 68 68 68 68 68 83 83 83 83 83 83 82 82 82 97 97 97 97 112 112 112 112 127 127 128 128 128 129 129 130 145 146 146 146 147 
132 133 148 148 
149 
81 81 81 81 81 81 80 
80 80 95 95 95 110 110 125 
84 84 
99 98 98 98 98 98 98 113 114 114 114 
34 34 33 48 48 48 
48 63 63 63 63 63 78 78 
78 79 93 93 33 33 
32 32 47 47 47 
79 79 79 79 
79 79 79 79 79 94 
94 95 95 95 110 110 111 111 111 127 127 143 144 
144 
19 19 19 34 34 34 34 34 
34 49 49 49 
49 49 64 64 64 64 64 64 64 79 79 79 79 79 94 95 95 110 111 126 
126 
37 52 52 52 
52 52 67 
67 67 67 82 
82 82 97 98 98 98 98 98 98 98 113 114 129 
145 
64 64 64 64 64 64 64 64 64 64 64 63 
63 63 78 78 77 77 
77 77 92 92 22 22 21 21 21 21 21 
20 20 20 
20 20 19 19 19 19 19 19 34 33 33 
33 33 33 33 48 48 48 48 47 47 47 47 47 47 62 62 62 62 62 
62 62 77 78 
78 78 
93 93 93 93 102 101 101 101 101 101 101 116 116 116 116 116 116 116 116 
101 101 101 101 85 
85 85 85 85 85 85 85 85 85 85 84 84 84 99 99 99 99 114 114 114 130 145 145 161 
64 
64 63 63 63 63 
63 63 63 
63 63 63 78 78 78 78 
78 93 93 93 93 93 108 37 
37 37 37 37 37 36 36 
36 36 36 
36 36 36 36 36 36 36 
51 51 
50 50 50 50 
97 97 97 
97 98 114 114 130 
50 50 50 
50 64 64 
64 64 64 63 78 78 78 78 26 
26 26 26 26 
26 26 26 40 
40 40 40 39 39 39 
39 39 38 38 38 38 38 38 38 38 38 37 37 37 37 52 52 52 52 52 52 52 52 52 66 66 66 66 66 81 81 81 81 96 96 111 112 127 142 
158 158 173 173 188 
82 82 
97 97 98 98 98 98 99 99 99 99 
99 99 99 99 100 100 100 100 100 100 100 100 116 116 116 116 116 
116 
64 64 64 64 64 64 79 79 79 
79 79 
94 95 95 110 110 126 
156 
9 8 8 8 
8 7 7 7 7 6 6 6 
22 22 21 21 
21 36 36 35 35 
35 35 35 34 34 34 34 34 33 33 
33 
34 49 49 49 64 
64 64 
64 79 79 79 79 79 79 79 64 63 63 63 63 63 12 12 11 11 11 11 
11 11 26 25 25 25 25 25 25 25 25 40 40 40 
39 39 
39 39 39 39 39 54 54 54 53 53 68 68 68 68 68 68 68 68 67 67 67 67 
67 67 
67 67 67 67 66 66 66 
66 67 82 82 82 82 82 82 
83 98 
98 
12 12 12 12 12 11 11 11 11 11 11 10 
10 10 10 10 9 9 9 9 9 9 9 8 23 23 23 23 23 22 22 22 22 22 37 37 37 
36 36 36 36 81 81 96 
96 111 
126 
126 142 
4 4 
4 4 19 19 19 19 19 19 
19 19 19 19 19 19 
19 110 110 110 96 96 96 111 111 111 111 111 111 111 111 111 126 126 126 
62 62 62 62 62 
77 77 77 77 77 77 
77 77 77 77 77 77 77 77 77 77 77 77 77 77 77 92 
98 98 98 98 98 98 98 98 98 98 
98 98 98 98 99 99 99 99 99 114 114 114 114 114 129 129 
129 
129 
23 23 23 23 38 37 37 37 37 37 37 37 37 
52 52 51 51 51 51 51 
66 66 65 65 65 94 95 95 95 110 110 110 
125 126 141 141 
157 10 
9 9 9 9 9 
24 24 
24 23 23 23 23 23 23 38 38 
38 50 50 50 50 50 50 50 50 
64 64 64 64 64 79 79 79 94 95 
95 96 34 34 34 34 
34 33 33 
33 33 33 33 33 33 33 33 33 33 
33 33 
33 33 33 33 
48 47 47 
47 47 47 
47 
47 94 95 95 95 80 80 80 80 65 65 65 64 64 64 80 
80 80 80 95 95 96 96 96 96 96 96 96 96 96 96 82 82 82 82 82 82 82 82 82 82 82 82 97 97 98 98 98 98 98 99 99 99 99 99 99 99 99 
114 114 114 129 129 145 160 
160 161 161 162 147 147 132 
132 132 117 118 118 118 118 118 119 67 67 67 82 82 82 82 97 
97 98 98 114 114 
115 115 
66 66 66 66 
81 81 81 81 
81 81 96 96 96 96 111 111 111 111 112 127 127 127 127 128 
128 
85 100 100 100 100 100 100 100 
100 100 115 115 115 
66 66 66 66 66 
81 81 81 
81 81 96 96 96 96 96 111 111 126 
126 142 142 
64 64 64 64 
79 79 79 79 79 79 79 
79 
79 79 
79 
79 80 
80 80 80 80 80 80 
80 80 80 79 79 79 94 94 
94 94 94 94 95 95 95 95 
95 95 95 110 110 110 110 126 
126 141 142 142 158 158 158 159 159 160 160 176 176 177 192 193 208 208 224 
224 10 10 
9 24 24 23 23 23 22 37 37 
37 37 36 36 36 36 51 50 50 50 65 65 65 65 80 79 79 79 79 94 94 94 
109 110 125 125 125 
141 141 142 158 158 174 189 189 189 189 189 
47 
47 47 47 
47 67 67 67 67 
67 67 67 67 
67 67 67 66 66 66 81 81 81 81 81 96 97 97 97 
97 97 98 98 98 99 
99 99 100 100 100 100 100 100 101 116 116 116 48 48 48 48 47 62 
62 62 62 62 
62 62 62 67 67 66 
66 66 66 66 66 66 
66 66 66 66 25 25 
24 24 24 24 24 38 38 38 38 38 37 37 37 37 
37 52 52 52 52 67 67 67 
67 67 67 67 82 
82 81 81 96 96 96 96 96 111 111 111 111 111 111 111 111 111 111 112 112 127 127 127 142 
142 
158 158 173 188 189 204 204 
34 34 34 34 34 
34 34 34 34 
49 49 49 49 
49 49 50 65 65 66 
10 10 25 
25 25 25 25 24 24 
24 24 39 38 38 38 38 38 53 52 52 67 67 67 67 67 67 67 81 81 82 82 97 97 112 112 112 128 
128 128 128 129 
130 130 146 146 146 161 162 177 176 
64 64 64 63 63 63 63 
64 64 64 64 64 79 79 79 79 79 79 80 80 95 
95 96 96 111 
111 111 112 127 127 
127 127 143 158 158 159 174 174 175 175 
86 
85 70 70 70 70 70 70 70 70 
69 69 69 69 69 
69 69 68 68 83 83 83 83 84 
99 99 99 99 99 115 
130 
130 145 160 
96 96 111 
111 112 
112 127 128 
113 114 114 114 114 114 
34 49 49 
49 49 49 48 63 63 63 63 63 78 78 78 93 
93 
93 93 108 108 109 109 109 110 
110 110 111 111 111 127 
79 79 80 
95 95 110 110 111 
34 34 49 49 49 49 48 48 
63 63 63 63 
63 78 78 78 
78 93 
93 93 93 93 93 94 94 94 94 109 109 110 110 110 110 110 110 63 63 
63 63 63 63 63 63 
78 78 78 78 78 78 78 
78 78 78 78 78 78 78 78 78 78 93 
93 19 34 
34 34 34 33 33 33 33 
33 33 32 
32 
32 81 81 
81 96 96 
97 97 97 97 97 
97 97 97 112 112 112 112 113 
128 50 
50 51 51 66 66 66 66 81 80 
80 95 95 110 111 126 126 
141 141 141 156 
141 
22 37 36 36 36 
36 36 36 51 50 50 50 50 50 50 50 50 65 65 64 64 79 79 79 94 95 95 95 110 110 
125 125 
125 140 156 156 
25 25 25 
25 25 24 24 24 24 24 24 24 24 24 24 24 
24 24 
24 24 
24 24 
23 38 38 38 38 38 38 53 53 53 53 53 53 68 68 68 68 83 83 83 98 98 98 98 98 113 113 114 
129 129 
130 130 
10 10 10 10 9 9 
9 23 23 23 
23 22 22 22 22 21 21 21 21 21 35 35 35 35 34 49 49 49 49 48 48 48 48 63 63 62 62 62 62 62 62 62 
62 77 
76 34 34 34 34 34 34 
34 34 34 34 34 
34 34 34 34 34 34 34 34 33 33 33 33 48 48 48 48 48 48 48 48 48 48 64 64 64 79 80 95 111 126 
127 127 142 
19 
19 19 34 
34 34 33 33 48 48 48 48 48 48 
49 49 49 
49 49 9 9 24 23 23 23 
23 23 22 22 22 22 22 22 21 21 21 21 21 36 35 
35 35 35 78 78 
78 78 78 78 78 78 77 77 
77 77 92 79 79 
79 79 79 79 79 79 79 79 79 79 79 79 
79 79 79 79 79 63 
63 64 79 79 50 50 49 64 64 
64 64 64 64 64 64 64 64 63 63 63 48 48 48 48 48 48 48 48 48 48 48 48 48 47 47 47 47 47 96 
111 111 126 127 
127 142 158 174 174 190 190 190 190 191 191 191 192 192 207 208 208 
48 48 48 48 47 47 
47 47 
47 47 
47 47 
47 47 46 31 31 31 46 46 46 46 46 46 46 46 46 61 61 61 61 61 10 9 9 
24 24 24 24 
23 23 23 23 23 38 38 38 38 37 37 37 37 37 37 37 37 52 51 51 51 51 51 50 50 50 50 50 65 65 65 65 64 64 64 64 64 64 64 64 
79 79 79 79 79 79 
79 93 93 94 94 109 109 109 124 
124 
140 140 140 141 62 
62 62 77 
77 66 65 80 80 
80 80 95 95 110 126 126 
19 19 19 19 19 19 19 19 19 
34 34 
34 34 
34 34 34 34 49 
34 34 34 34 49 49 49 49 64 64 64 79 79 79 79 94 94 94 94 109 68 68 68 68 68 
84 84 84 84 84 84 84 84 
84 84 84 69 69 69 69 69 69 69 69 54 54 54 54 54 54 55 70 70 85 86 86 
86 87 87 88 103 
63 63 63 
63 63 63 63 64 64 64 64 62 77 77 
77 77 77 77 77 77 77 77 77 77 77 77 77 77 77 77 77 77 77 78 
78 78 78 
78 78 94 94 94 94 94 94 94 94 94 94 94 94 95 95 110 110 110 110 110 110 
110 110 
125 125 126 126 47 47 
47 47 47 47 36 36 36 36 36 36 35 35 35 
35 34 34 34 49 49 49 49 33 48 48 48 48 63 84 
69 69 69 69 69 69 69 69 69 84 83 83 83 
83 83 83 83 83 83 83 83 83 83 83 83 
83 83 83 68 68 68 68 68 68 68 68 68 
36 50 50 50 50 50 
65 65 65 65 65 65 66 80 80 81 
81 81 96 96 
97 112 112 112 127 
142 143 
113 
113 98 113 113 113 113 
83 83 83 83 83 83 
84 84 84 85 85 100 100 101 101 
116 116 116 132 131 131 131 131 
131 131 131 131 116 116 116 116 116 116 116 116 116 9 9 
8 8 8 23 23 23 23 22 22 22 22 22 22 22 21 21 21 21 21 21 21 21 20 20 20 20 20 
20 20 20 5 4 4 19 4 4 4 4 4 19 19 19 19 19 19 19 19 
18 
26 26 26 26 26 
26 40 40 40 40 40 54 54 54 54 54 69 68 
68 68 68 68 83 83 83 23 23 38 37 
37 37 36 36 36 51 
51 51 50 50 50 65 65 65 65 65 65 65 65 80 80 80 80 79 94 94 94 94 94 
95 
95 110 110 
110 110 110 126 126 126 142 142 
128 128 
34 34 34 34 34 34 
34 33 33 33 33 33 33 33 33 48 48 48 48 48 47 
47 47 47 62 62 62 
47 47 
34 34 
33 48 48 48 
63 63 63 
78 79 79 
79 
94 94 94 95 110 110 110 126 126 126 141 142 142 157 173 188 188 202 202 
11 26 25 25 25 25 
24 24 24 24 24 24 23 23 23 38 38 38 38 37 37 37 37 37 52 
11 11 10 
10 25 25 24 24 24 24 23 23 23 23 22 
22 22 22 22 21 21 21 36 
35 35 35 35 35 34 34 34 34 49 49 
49 
49 49 64 64 64 64 64 64 64 64 64 64 79 79 79 94 94 94 95 
110 110 
111 111 111 
26 26 26 26 
26 25 25 25 25 24 
24 24 24 23 23 38 38 37 37 37 37 36 36 36 51 51 51 51 50 50 50 65 65 65 65 65 65 65 65 65 80 80 80 80 80 95 95 95 96 111 111 111 112 112 112 113 128 143 144 159 175 175 191 192 193 208 
209 209 
25 40 40 39 39 39 39 
39 39 39 39 38 38 38 38 38 38 53 53 53 53 53 53 52 67 67 82 82 
82 96 21 21 21 21 20 20 
20 20 20 35 34 34 34 34 34 
34 34 33 33 33 33 33 33 33 33 
33 
34 34 33 33 49 49 
49 49 49 49 49 34 34 34 34 34 33 33 33 33 34 34 34 
26 26 41 41 41 40 40 
40 40 55 54 54 54 54 54 69 69 69 
84 83 83 83 83 98 98 98 99 99 114 114 114 129 129 145 145 160 
34 34 
34 34 49 49 49 49 63 63 63 78 78 
78 93 93 108 108 123 124 124 124 19 19 34 34 34 34 49 
48 48 48 48 48 48 63 63 
63 63 63 63 63 63 
63 63 63 62 62 62 62 62 
62 62 62 63 63 63 63 63 
63 63 62 62 62 62 77 77 
77 112 112 
112 112 127 128 128 
144 159 160 
18 18 18 33 33 33 33 48 48 48 48 
63 63 63 63 78 78 78 79 
94 
94 110 110 110 110 111 111 111 95 95 
95 110 111 111 111 127 127 
142 142 142 157 158 173 172 187 188 173 
8 8 8 8 
7 7 22 21 
32 32 47 47 
47 47 47 47 47 
47 47 47 62 62 62 62 62 62 62 
62 62 
77 77 76 61 34 34 34 
34 34 
34 34 20 20 20 20 20 35 36 36 36 36 36 36 36 36 36 36 36 
36 36 36 37 37 37 
37 37 37 37 37 37 37 37 41 41 41 
41 41 41 41 41 41 56 56 56 56 56 56 
56 55 55 70 70 70 70 84 84 84 84 84 99 99 99 99 99 
99 99 99 99 98 98 98 98 98 
98 113 113 113 113 113 113 113 
113 113 128 128 128 128 144 144 
144 145 145 145 130 
21 21 36 36 
36 36 36 36 36 
36 51 51 51 51 52 52 52 67 67 67 82 82 83 98 97 97 97 97 
97 112 113 113 
4 4 4 
4 19 
19 19 18 18 18 18 18 
33 33 33 
33 33 48 
48 47 47 47 
47 47 47 47 
47 
46 81 
96 96 111 111 111 111 111 126 126 127 
127 127 127 127 127 127 127 127 127 127 143 143 143 
80 80 80 80 95 95 95 95 95 
110 110 110 110 96 96 96 97 112 
112 112 127 128 128 143 144 144 
23 22 37 37 37 
37 37 36 36 36 36 36 35 35 35 35 34 
34 49 49 49 48 63 
63 63 63 78 78 78 
78 94 94 94 
94 110 110 110 110 111 126 127 
78 78 
78 78 78 78 78 78 
78 78 78 25 25 25 25 25 
24 24 24 24 23 23 23 
23 22 22 22 22 21 21 21 21 21 35 35 35 35 35 34 34 34 34 33 33 33 33 48 47 47 47 
49 48 48 
48 48 48 63 63 63 63 63 79 79 79 79 79 
94 
94 94 110 110 126 126 126 142 142 158 158 159 175 175 
176 177 178 178 178 98 98 98 
98 98 98 98 98 98 98 99 99 114 114 114 114 99 99 99 99 99 99 99 99 99 114 
115 115 
115 115 115 130 
26 26 26 25 
25 25 25 24 
39 39 39 39 39 38 38 38 38 38 38 38 38 37 37 37 52 52 52 52 52 52 52 67 67 67 67 66 66 81 81 81 81 96 96 112 112 127 
127 142 
111 111 111 111 
111 111 111 127 127 127 127 
19 34 34 34 34 33 33 48 48 
48 
48 48 62 62 62 62 62 62 
62 
34 34 49 49 49 49 
48 63 
63 63 63 63 63 62 62 62 77 
77 77 76 
76 76 76 53 52 52 52 52 67 67 67 67 82 82 
82 82 82 81 66 
66 
66 66 66 
66 66 66 66 81 81 81 80 80 80 80 80 95 95 95 95 95 95 110 110 110 111 111 111 111 112 112 112 
112 112 97 97 
112 112 112 112 112 112 113 21 21 21 
21 20 20 20 20 20 19 19 
19 19 19 19 
18 
65 65 65 65 65 80 79 79 79 79 79 
79 79 79 79 79 80 80 80 80 80 80 66 66 66 66 81 
81 24 23 23 23 23 22 22 37 37 36 36 36 36 36 36 36 35 35 50 50 50 50 50 64 64 64 64 
79 79 94 
94 94 109 109 125 125 141 
95 95 95 95 95 80 80 80 79 79 79 
79 79 79 79 79 
79 79 79 79 79 79 79 79 79 79 79 80 80 80 37 52 
52 52 52 51 51 51 51 51 51 51 51 51 50 50 50 50 50 
50 50 50 
50 50 50 50 50 50 50 50 65 65 65 64 79 79 79 94 94 110 110 
125 126 141 142 142 
80 80 
80 80 80 80 80 80 80 
80 80 80 80 95 96 111 111 127 
142 157 157 
47 47 47 62 
62 77 
77 92 92 92 108 108 123 124 
21 21 21 36 36 36 35 35 35 35 35 
35 35 50 50 50 49 64 
64 64 
64 79 
80 
21 21 36 36 36 36 36 36 51 51 
81 
111 
24 24 
24 39 38 38 38 53 53 52 52 52 52 52 52 51 51 51 66 
67 67 67 67 67 82 82 82 83 
83 83 83 83 83 
84 84 84 84 99 99 99 99 99 114 114 129 130 
145 145 
161 
34 34 34 34 
34 49 49 49 49 49 49 
64 64 64 64 64 79 79 79 79 79 94 94 95 110 111 126 
143 143 
63 63 63 78 
78 78 78 
78 78 78 78 78 78 78 
78 78 78 
78 78 78 78 93 93 93 93 93 93 93 94 94 94 94 94 
110 110 110 110 125 125 
126 126 126 127 127 
66 
81 81 
81 96 96 96 96 96 111 
111 111 111 
111 111 126 126 126 
78 
78 78 
78 78 78 78 78 78 78 78 78 77 77 77 62 62 62 62 34 34 34 34 34 34 34 
34 49 49 49 49 49 49 49 49 65 65 65 65 65 65 65 65 65 65 
65 65 65 65 65 65 65 
80 80 80 80 95 95 95 95 95 111 111 111 126 
127 142 143 158 173 189 189 204 204 
50 50 50 50 
50 65 
65 65 80 81 81 96 96 96 111 111 111 111 111 112 127 127 142 143 158 159 159 
160 161 64 79 79 79 79 
79 78 
115 115 115 115 115 114 114 114 114 114 114 114 113 
113 113 113 113 113 128 128 128 128 143 143 158 
158 173 173 189 189 189 189 175 
111 111 111 112 112 112 
112 112 112 112 112 112 112 112 112 112 113 113 113 113 
113 114 129 129 129 129 130 130 130 130 130 130 130 130 
130 130 129 129 129 129 144 
97 97 
97 
112 112 
127 127 
142 
37 37 36 
36 36 36 36 36 36 36 36 
36 35 
35 35 50 
50 
50 50 50 50 50 50 50 65 65 65 65 
65 65 65 65 65 65 66 66 66 65 65 65 65 65 65 65 65 65 65 65 64 64 64 64 
79 79 79 79 
94 94 94 94 109 110 
110 
19 19 19 19 34 
34 34 34 34 34 
34 34 48 48 48 48 48 33 33 
33 48 48 48 47 47 47 47 
47 47 48 48 48 48 48 48 48 48 48 
48 48 48 47 47 47 47 
47 47 47 47 47 47 47 47 49 49 
48 48 48 48 48 48 48 48 
48 33 33 
33 33 
27 26 26 
26 26 25 25 40 40 40 39 39 39 39 39 39 38 38 38 
38 38 53 53 53 52 50 50 50 50 50 50 49 49 49 49 49 49 48 48 48 48 48 48 48 
48 47 47 
47 47 62 62 62 62 62 
62 
62 62 64 64 64 64 64 64 
64 80 80 80 95 
95 95 95 110 110 
110 95 95 95 95 95 95 95 80 80 80 80 80 79 79 
79 79 79 79 79 79 94 80 80 
80 81 81 81 81 96 96 96 96 96 96 96 
96 96 111 111 111 111 111 112 112 127 127 127 127 127 127 127 
127 128 128 128 128 128 128 128 128 128 128 129 129 129 129 
129 65 65 65 
65 65 80 80 
79 79 80 80 95 95 110 110 125 
125 141 141 
156 157 157 158 
158 159 
159 160 160 146 146 146 
132 132 132 132 132 132 132 132 132 132 132 117 117 117 117 117 118 118 118 118 118 22 22 
22 21 21 21 
21 21 20 20 20 20 20 19 19 19 19 19 
18 
18 33 33 33 33 33 97 
97 97 98 113 113 128 129 129 144 145 160 
33 33 33 48 48 48 48 
48 63 64 64 
79 
79 94 94 94 95 110 110 125 125 
140 63 64 
