3 5 5 
1 5 5 4 4 4 4 11 11 11 11 11 11 11 11 
3 10 10 10 10 10 10 10 17 
1 17 17 17 17 17 
2 17 17 17 17 17 24 24 24 24 24 24 24 24 24 24 24 24 24 24 24 24 24 32 32 
1 32 
4 32 39 39 39 39 46 47 
3 10 10 10 10 
1 10 10 
2 17 17 17 17 17 17 17 24 24 24 24 24 24 24 24 32 32 32 32 32 33 
1 40 40 
3 6 6 5 5 5 
1 5 5 5 5 5 5 4 4 
2 4 4 4 4 4 4 4 4 4 4 4 3 3 10 10 10 10 10 10 10 10 10 10 10 10 10 10 17 17 17 16 16 16 16 16 
1 23 23 
4 23 31 31 31 38 38 38 38 39 39 
3 11 10 
1 10 10 10 10 10 10 10 10 10 10 10 10 10 10 10 10 10 
2 10 10 10 
1 10 10 10 10 10 10 10 10 10 17 16 16 16 16 16 16 23 23 24 
4 24 31 31 31 32 
3 6 6 
1 6 6 6 5 
2 5 5 5 5 5 5 5 12 12 12 12 12 12 12 11 11 11 11 11 18 18 18 18 19 26 26 26 26 
1 26 26 26 26 26 
3 26 26 
4 26 27 27 27 27 27 27 27 27 27 
3 27 27 10 17 17 
1 17 17 17 17 17 17 17 17 17 17 17 17 17 
2 17 17 24 24 24 24 
1 17 17 17 17 17 17 17 17 24 24 24 24 24 24 23 23 
3 5 5 4 
1 4 4 4 4 
2 4 4 4 4 4 4 4 3 3 3 3 3 3 10 10 10 10 10 10 10 10 10 
1 10 
2 9 9 9 9 9 16 16 16 16 16 16 16 16 
1 16 23 23 23 23 23 
4 31 31 31 31 32 
3 4 4 4 
1 4 4 4 11 11 10 10 10 10 10 10 17 17 17 17 17 17 17 17 
3 17 18 18 18 18 
1 18 18 18 17 
2 17 17 17 17 17 17 17 17 17 17 17 17 24 24 24 
1 25 18 18 18 25 25 
3 25 26 26 26 26 26 26 26 26 26 26 26 16 16 16 
1 16 16 16 16 16 16 16 16 
3 8 
1 15 15 15 15 
3 15 15 15 15 15 22 16 16 16 16 16 
1 24 24 24 24 24 24 24 24 24 24 24 24 25 
2 25 25 25 25 25 25 26 
1 26 26 26 33 
3 16 16 
1 16 16 16 23 23 23 23 24 24 24 24 24 24 24 31 
3 3 3 3 10 
1 10 10 10 10 10 
2 10 10 10 10 10 10 10 10 10 11 18 18 18 18 18 18 25 25 25 
1 25 25 25 25 
3 3 3 3 
1 3 3 3 3 3 3 10 
2 10 
1 10 10 10 9 9 9 9 9 9 9 9 16 16 16 16 16 16 16 16 23 
3 23 
4 23 23 23 23 23 23 
3 23 30 30 30 9 9 9 
1 9 16 16 16 16 16 
2 16 16 16 16 9 9 9 9 9 16 16 16 16 16 16 16 
1 16 23 
3 23 23 23 4 4 4 4 4 
1 4 4 4 4 11 10 10 10 10 10 10 10 
3 10 10 10 18 18 18 
1 18 18 18 18 18 
2 18 18 25 25 25 25 25 25 25 25 25 25 25 25 26 26 26 26 
1 33 33 33 33 33 33 
4 33 33 33 40 
3 9 9 9 
1 9 9 
2 9 9 
1 16 16 16 
3 16 16 16 16 16 16 9 9 9 9 8 15 15 15 15 
1 15 15 
3 15 15 9 9 9 9 9 9 
1 8 8 8 
2 8 8 8 8 
1 8 8 8 8 8 8 
3 8 8 8 8 8 8 8 8 8 8 9 9 9 9 9 16 16 16 16 31 
4 31 25 25 24 24 24 24 24 24 24 24 
1 24 24 24 24 
2 24 24 
1 24 31 
3 2 2 2 2 2 2 2 2 2 2 2 9 9 9 9 9 2 2 2 2 2 2 2 
1 2 2 2 2 
2 2 2 
1 2 2 2 2 2 2 2 2 2 2 3 3 
3 2 2 2 
1 2 2 9 9 9 9 9 9 
3 9 16 16 16 16 16 16 16 16 16 
1 16 16 16 16 16 16 23 
2 23 23 23 23 
1 24 24 24 24 24 24 24 24 24 24 
4 25 25 25 25 25 25 25 25 25 25 33 33 33 33 33 33 34 34 34 41 42 42 42 42 42 42 42 42 42 
3 42 42 42 42 42 42 5 5 12 12 12 12 12 12 
1 12 19 19 19 19 19 19 26 26 26 26 26 26 
3 5 5 5 
1 5 5 5 5 
2 5 5 5 5 5 4 4 4 11 11 11 11 11 11 11 
1 11 18 18 18 18 18 
3 18 25 25 26 4 4 4 4 4 4 4 4 
1 4 3 3 3 3 3 3 3 3 3 3 3 3 3 3 3 2 2 2 2 2 2 2 2 2 2 2 9 9 9 9 9 9 9 9 
2 9 9 9 9 9 
1 9 9 9 9 9 9 9 8 8 8 8 8 8 8 8 
3 8 5 5 5 5 5 5 5 5 5 
1 5 5 5 5 5 5 5 5 5 12 11 11 11 11 11 11 11 11 
3 11 5 
1 5 5 5 5 5 5 4 4 4 4 4 4 4 11 11 11 11 11 11 11 11 11 11 
3 11 10 
1 10 17 17 
2 17 17 17 17 17 
1 17 17 17 17 17 
3 24 24 
4 24 25 25 32 33 
3 33 33 3 
1 10 10 10 10 
3 10 10 10 17 4 4 4 4 4 4 
1 4 4 4 4 4 3 3 3 3 3 3 3 3 3 3 
3 3 3 10 
1 3 3 3 3 3 3 10 10 10 10 
2 17 
1 24 
3 16 17 17 17 17 24 
1 24 24 24 24 24 25 25 25 25 32 
4 32 32 
3 4 4 4 4 4 4 4 4 
1 4 4 4 3 3 3 3 
3 3 3 3 3 3 16 16 16 16 
1 16 16 16 16 
2 15 15 15 15 
1 15 
3 15 15 22 22 22 23 4 
1 4 4 3 3 
2 3 3 3 3 3 3 
1 3 3 3 3 3 3 3 3 
3 3 3 2 
1 2 2 2 2 9 9 
2 9 9 10 
1 10 10 10 
2 10 17 17 
1 17 17 
4 17 17 17 17 17 17 17 18 18 25 25 
3 18 18 
1 18 18 18 18 18 18 18 18 19 26 26 
3 26 16 16 16 
1 16 17 17 17 17 17 17 17 24 24 
3 24 24 24 24 24 10 10 10 10 10 10 10 10 10 10 10 10 10 3 3 3 3 3 
1 10 10 10 10 10 10 10 9 9 9 9 9 9 9 9 9 9 16 
2 16 16 17 17 
4 17 24 24 24 24 31 31 31 38 38 46 46 
3 4 4 
1 4 4 4 4 4 4 4 4 4 4 4 3 3 3 3 3 3 3 3 3 3 3 3 3 3 3 3 
2 3 2 2 2 2 2 2 2 2 2 2 2 2 2 2 2 2 2 2 2 
1 2 
3 11 
1 11 11 11 11 
3 11 18 18 
1 18 18 18 
2 18 18 18 18 18 18 18 18 18 18 25 25 25 25 25 25 
1 18 18 25 25 25 25 25 25 25 25 
2 25 25 25 25 25 25 25 25 25 25 25 25 25 25 25 25 
1 32 
4 32 
3 17 
1 17 17 17 17 17 17 
2 17 17 17 17 17 17 17 17 25 
1 25 25 25 25 
4 25 25 25 26 26 26 33 33 
3 16 16 16 16 16 16 16 16 23 23 
1 24 24 24 24 
4 17 17 17 17 17 17 17 
1 17 17 17 17 17 17 17 17 17 17 17 17 17 17 17 17 24 
4 24 25 25 
3 17 
1 17 17 17 17 
3 17 17 17 17 9 9 
1 9 9 9 9 
2 9 
1 9 9 
3 9 9 
1 9 8 8 8 8 8 
2 8 
1 8 
3 8 8 8 8 15 
1 15 15 15 15 
3 15 15 15 16 16 16 16 16 16 16 16 16 16 16 16 16 16 16 16 16 16 16 16 16 16 16 15 
1 15 15 15 15 15 15 
3 15 15 15 15 15 15 15 15 15 15 15 15 15 15 10 17 17 
1 17 17 17 17 17 17 17 
3 17 17 17 17 
1 17 17 17 17 17 17 24 24 
3 24 
1 24 24 24 24 24 24 24 24 24 24 24 
2 24 24 24 24 24 31 
1 24 24 24 24 24 24 23 
3 23 18 18 
1 18 18 18 18 18 18 18 18 17 
2 17 17 17 17 24 24 24 24 
1 25 32 
4 32 32 
3 17 17 17 17 
1 17 17 17 17 
2 17 17 17 24 24 24 24 24 24 24 24 24 24 24 25 25 
1 25 
3 5 5 
1 5 4 4 4 4 4 4 4 11 
2 10 10 10 10 10 10 10 10 10 10 10 16 16 16 16 16 16 16 16 16 16 23 
1 23 23 24 24 31 
4 31 31 32 32 32 39 39 39 39 39 39 
1 9 9 9 
2 9 9 9 9 9 9 16 16 16 16 16 16 16 
1 16 
3 23 23 23 23 23 23 23 23 
1 24 24 24 24 24 24 
3 5 5 5 
1 5 5 5 5 5 4 4 4 4 4 4 4 
3 4 4 3 3 3 3 3 3 
7 3 3 10 10 9 9 9 9 9 9 9 
3 9 
1 9 9 9 9 16 16 16 16 16 16 16 16 16 16 16 16 16 23 23 
2 24 24 
1 24 24 24 
3 4 4 4 4 
1 4 11 11 11 11 
2 10 10 10 10 10 10 10 10 10 10 10 10 10 17 17 17 17 17 24 24 24 24 24 31 
1 32 32 32 
3 5 5 
1 5 5 5 5 5 5 
2 5 4 4 4 4 4 4 4 4 
1 4 4 4 4 4 3 3 3 
3 3 3 2 2 2 
1 2 2 2 9 9 9 9 9 9 8 8 8 8 8 8 8 8 8 
3 8 5 12 12 12 11 11 11 
1 11 11 11 11 18 18 18 18 18 18 18 18 25 25 
2 25 25 25 32 
1 32 32 
4 32 
3 4 
1 4 4 4 4 
2 4 4 4 4 
1 4 4 3 3 3 3 3 3 3 3 3 10 10 10 10 10 
2 10 10 10 10 10 10 10 10 10 10 10 17 17 17 17 17 17 17 17 17 17 17 24 24 25 25 
1 32 
4 32 32 33 33 33 34 34 34 34 34 34 34 
3 5 
1 5 5 5 5 5 5 5 12 12 12 11 11 11 11 11 
2 11 11 11 11 11 11 11 11 11 11 10 17 17 17 17 17 17 17 17 17 17 17 17 17 17 
1 17 17 17 17 17 17 17 24 24 24 24 24 24 24 24 24 24 24 25 25 25 
2 25 25 25 25 32 
1 32 32 
4 33 40 40 
3 5 5 5 
1 5 4 4 4 4 4 4 4 4 4 4 4 
3 3 3 3 
1 3 3 3 3 3 9 
2 9 9 9 9 9 9 9 9 16 16 16 16 
1 23 
4 23 24 
3 5 5 5 5 
1 5 5 12 12 12 12 12 11 11 11 11 11 
3 11 11 11 11 16 
1 16 16 16 16 
3 16 10 
4 10 10 
1 10 17 17 17 17 17 17 17 17 24 24 24 24 24 
4 31 
3 2 
1 2 2 2 
2 2 2 
1 2 2 
3 2 2 2 9 
1 9 9 9 
2 9 9 9 9 9 9 
1 16 
2 16 
1 16 16 
4 16 
3 16 16 3 3 3 3 
1 3 3 3 3 10 
2 10 10 9 9 9 9 9 9 9 9 
1 9 9 9 9 9 9 
3 9 9 16 16 16 9 9 9 9 9 9 9 9 9 9 9 9 9 9 9 9 9 8 8 8 8 8 8 8 
1 10 10 10 10 
2 10 10 10 10 10 10 10 10 9 9 9 9 9 9 9 16 16 16 16 16 16 16 16 
1 16 23 23 24 24 
3 3 3 
1 3 3 10 
2 10 10 10 
1 10 10 10 10 9 9 9 9 9 9 9 
2 9 9 9 9 9 9 9 9 16 16 16 16 16 
1 15 15 
3 15 15 15 22 22 22 22 22 22 23 23 23 10 10 10 
1 10 10 10 9 9 9 9 
2 9 9 9 9 9 9 9 9 16 16 16 16 16 15 15 15 15 
1 15 15 
3 22 22 23 23 16 16 16 16 16 16 16 16 16 16 16 16 17 24 24 24 
1 24 24 
2 24 24 24 24 24 31 31 31 
4 31 31 
3 9 9 9 9 9 9 
1 9 9 2 2 2 
2 9 9 9 9 9 9 9 9 9 9 9 9 9 9 9 9 9 9 9 9 9 9 9 16 16 16 16 17 24 24 
4 24 31 32 
3 15 15 
1 15 15 15 15 
3 15 15 15 15 15 9 
1 9 9 16 16 16 16 16 
3 16 9 9 
1 9 9 9 9 9 9 9 9 
2 9 9 8 
1 8 8 
3 24 24 24 24 24 25 
1 25 25 25 25 25 25 25 25 25 25 25 25 25 25 
2 25 25 25 25 26 26 26 26 26 26 26 26 26 26 
1 26 26 26 26 33 33 33 
3 17 
1 17 24 24 24 24 24 24 24 24 24 
2 24 24 24 24 24 25 25 25 25 32 32 32 32 
3 4 4 4 11 11 11 11 11 11 18 18 18 
1 18 18 
3 18 18 18 18 18 18 18 25 25 25 25 8 
1 8 8 8 
3 10 10 10 
1 10 10 10 10 
2 10 10 10 17 17 17 17 17 17 
1 17 17 17 17 
3 17 17 17 17 17 
1 17 17 17 17 
2 17 17 17 17 17 17 17 17 17 17 17 24 24 24 24 24 24 32 32 32 
3 17 17 17 17 17 17 17 17 
1 17 17 17 24 24 24 24 24 24 24 31 31 
3 17 17 
1 17 17 17 17 17 17 17 17 17 17 17 18 18 18 18 25 25 25 25 25 25 25 25 
4 25 25 25 33 33 33 33 33 33 33 33 
3 33 33 26 26 26 26 26 26 26 24 24 24 24 
1 24 24 24 24 24 25 32 
3 17 
1 17 24 24 24 24 24 24 24 24 24 24 24 
4 31 31 31 
3 16 16 16 16 16 16 16 
1 16 16 16 16 16 16 16 16 16 16 17 17 17 17 17 24 
3 24 24 24 24 24 4 4 11 11 
1 11 10 10 10 10 10 
2 10 10 10 10 10 10 10 10 10 17 17 17 17 17 16 16 16 16 16 16 23 23 23 
1 23 
2 23 23 24 
1 24 24 24 24 24 31 32 32 
4 32 32 
3 11 11 11 11 
1 11 11 11 11 11 18 18 
2 18 18 18 18 18 18 18 18 18 18 25 25 25 25 25 25 25 25 25 
1 25 25 25 25 25 33 
4 33 33 33 33 40 40 40 40 40 47 48 48 48 
3 9 9 16 16 16 16 16 16 16 16 16 16 16 16 16 
1 16 16 17 17 17 17 17 17 24 
2 24 24 24 24 24 25 
1 25 25 25 25 25 
3 25 8 8 
1 8 8 8 
2 8 8 8 8 8 8 
1 8 
3 9 9 9 9 9 9 
1 9 9 
2 9 16 16 16 15 15 15 15 15 
1 15 15 15 
3 15 15 15 16 16 
1 16 16 16 16 16 15 15 15 
3 15 15 15 
1 16 16 16 16 16 16 16 16 
2 16 16 16 16 16 16 23 23 23 23 23 23 23 
1 23 23 23 23 23 24 24 24 24 31 
3 17 17 17 10 10 10 10 10 17 17 17 17 17 17 17 17 17 17 
1 17 17 17 17 
2 17 17 17 17 17 17 17 18 18 18 18 18 25 18 18 18 18 18 18 18 18 18 18 18 18 18 18 18 18 18 18 18 18 18 18 18 18 18 18 18 18 18 18 17 17 17 17 17 17 17 17 17 17 17 17 17 17 17 17 17 17 17 17 17 17 17 17 17 17 17 17 17 17 17 16 16 23 23 
1 23 23 23 
3 23 23 23 23 23 23 23 23 24 24 24 24 24 24 
4 32 32 32 32 33 33 33 33 26 26 26 26 26 26 26 26 26 26 26 26 26 26 26 26 
1 26 26 26 26 26 27 27 34 34 34 
4 34 34 
8 16 16 16 16 16 16 16 16 16 16 16 16 16 
1 16 16 16 16 16 16 16 
3 16 16 16 16 16 16 16 16 9 9 9 9 9 9 9 9 
1 9 9 9 9 9 9 9 9 
2 9 9 16 16 16 16 
1 16 
3 16 16 16 16 23 23 
1 23 23 24 24 24 
3 16 16 16 16 16 16 17 17 17 17 17 17 
1 17 17 17 17 17 17 17 18 18 18 25 25 25 25 25 25 25 26 26 33 33 33 40 40 40 40 
3 16 16 16 16 
1 16 16 16 16 
3 16 16 16 23 23 23 23 23 23 24 17 
1 17 17 24 24 
2 24 24 
1 25 
3 2 
1 2 2 2 3 3 3 3 10 10 10 10 10 
4 10 10 10 17 17 18 18 18 
3 5 5 5 5 5 5 5 5 5 
1 5 5 
3 5 5 5 5 5 4 4 4 4 
1 4 4 4 4 4 
3 16 16 16 16 
1 16 16 17 17 17 17 17 17 24 
4 24 24 31 32 32 32 39 39 40 40 40 41 
3 9 9 9 9 9 9 
1 9 9 9 9 9 9 9 9 9 9 9 9 9 9 9 9 9 
3 15 
1 15 15 15 
3 15 16 16 16 16 16 16 16 16 23 24 
1 24 24 
2 24 24 24 
1 24 24 25 
2 25 25 25 25 25 26 26 26 
3 33 33 4 4 
1 4 4 11 11 11 11 11 11 10 
2 10 10 10 10 10 10 10 10 10 10 10 10 10 10 10 16 16 16 16 16 16 16 16 23 23 
1 23 24 24 
4 31 31 31 31 31 31 32 32 
3 4 
1 4 4 4 4 4 
2 11 11 11 11 11 11 
1 11 11 11 11 11 11 11 11 18 17 17 17 
3 17 17 17 4 4 4 4 4 4 4 4 4 
1 4 3 3 3 3 3 3 3 3 3 10 
3 10 9 9 15 
1 15 15 15 
3 15 15 15 15 15 15 15 15 15 22 22 
1 22 22 
3 5 5 5 12 
1 12 12 12 12 12 12 12 
3 12 12 12 
1 12 12 12 12 12 12 
2 12 12 
1 12 12 12 12 
3 19 19 19 19 19 19 19 19 19 19 4 4 
1 4 3 3 3 3 3 3 3 
3 3 3 2 11 11 11 
1 11 11 10 10 10 10 
2 10 10 17 17 17 18 18 18 18 18 18 18 18 18 18 18 18 18 18 25 25 25 25 25 25 25 26 26 26 26 27 27 
4 27 34 34 41 41 41 41 41 41 41 34 34 
3 34 34 34 16 16 15 15 15 15 
1 15 15 15 15 15 15 
3 15 15 22 24 24 
1 24 24 25 25 32 
4 32 33 40 
3 9 9 
1 9 9 9 9 16 
4 16 
1 16 16 16 16 15 15 15 
2 15 
1 8 
3 3 3 3 
1 3 3 3 3 3 3 
2 10 10 9 9 9 9 9 9 9 9 9 16 16 16 16 16 
1 16 
3 16 23 23 23 23 23 23 23 23 23 23 23 23 23 23 23 23 23 23 23 23 23 23 23 23 30 30 30 
1 9 9 9 9 9 9 
3 9 9 
1 16 16 16 16 16 
3 16 16 17 17 17 
1 17 17 17 24 
2 24 24 25 25 25 
4 32 32 
3 5 5 
1 5 5 12 12 12 12 
2 12 12 12 19 19 18 18 18 18 18 25 25 25 26 33 
3 17 
1 17 17 17 17 
2 17 17 25 
3 16 16 16 
1 16 16 16 16 16 
2 16 
1 16 
3 23 23 23 23 
1 23 23 24 24 24 24 
4 31 32 32 32 33 33 
3 24 24 
1 24 24 24 24 32 32 32 32 32 
3 25 25 25 
1 25 25 25 25 25 25 25 25 25 25 25 25 25 25 25 25 25 25 18 26 26 26 26 
2 26 26 
1 26 26 26 26 
3 16 16 
1 16 16 16 16 16 16 
2 16 16 
1 16 
3 16 16 16 16 16 16 23 23 23 23 23 23 
1 16 16 16 16 16 16 16 16 16 16 16 16 
3 16 
1 25 25 25 25 25 25 25 18 18 18 18 19 
3 19 19 19 19 
4 24 24 24 17 17 17 16 16 16 16 16 
1 16 16 16 16 16 
3 16 16 16 16 16 16 16 16 16 16 16 16 17 17 4 4 4 4 
1 4 4 4 4 4 3 3 3 3 3 3 3 3 3 3 3 3 10 10 10 10 3 10 10 10 10 10 10 10 10 10 9 9 9 9 9 9 9 9 9 9 9 9 9 16 16 16 16 16 16 16 16 16 16 16 
2 16 16 16 16 16 16 16 16 16 16 16 16 
1 16 16 16 16 16 16 16 15 15 
3 15 15 22 22 22 22 17 24 
1 24 24 24 24 24 
3 24 24 31 16 16 16 16 16 15 15 
1 15 15 15 
3 15 15 
1 15 15 15 
3 15 15 15 15 15 15 15 15 15 15 15 15 15 15 15 15 15 15 15 15 
1 16 16 16 
3 16 16 16 16 16 16 23 23 23 23 23 23 23 23 23 23 23 23 23 23 23 24 
1 24 24 
3 24 24 24 31 10 
1 10 10 10 10 17 17 17 17 17 
2 17 17 24 24 24 24 31 
4 31 31 31 31 
3 31 6 
1 5 5 5 5 5 5 5 12 12 12 12 12 12 11 11 11 11 11 11 11 
3 11 11 11 11 11 11 11 11 11 11 11 10 10 10 10 5 5 5 4 4 4 4 4 11 
1 11 11 11 11 11 10 10 10 10 10 10 10 10 10 10 10 
3 9 9 9 9 9 9 
1 9 9 9 9 
2 16 16 16 16 
1 16 16 
3 16 16 16 23 23 23 24 24 24 24 31 18 18 18 18 18 
4 18 18 18 18 19 18 19 19 
1 18 18 18 18 18 18 19 12 12 12 12 12 12 12 12 12 12 12 12 19 19 19 19 
4 20 20 20 20 20 
3 17 17 17 
1 17 
2 17 17 
1 17 17 
2 17 17 17 
1 17 17 17 17 17 17 17 17 17 17 
2 17 17 24 24 
1 24 24 25 
3 4 4 4 4 4 3 3 3 10 10 
1 10 10 
2 10 10 10 10 10 10 10 10 10 10 10 10 10 10 10 10 10 10 17 17 17 16 16 16 16 16 16 16 16 16 16 16 16 16 16 16 16 16 16 16 16 16 16 16 16 16 16 
1 15 15 
3 23 23 23 23 23 23 23 9 9 16 16 16 16 
1 16 16 16 16 16 16 16 16 24 24 24 
3 16 16 16 16 
1 16 16 16 16 16 16 
2 16 23 23 24 24 24 24 24 24 24 32 32 32 
1 33 
3 5 5 5 
1 4 4 4 4 4 4 11 11 11 10 10 10 10 10 10 10 10 10 17 
2 17 17 17 17 17 17 16 16 16 16 16 16 16 16 16 16 16 16 
1 16 16 
3 16 16 16 23 12 
1 12 12 19 19 19 19 19 19 19 19 19 12 12 11 11 11 11 11 11 11 11 11 11 11 11 11 11 11 
3 11 11 11 11 11 11 9 9 9 
1 9 9 9 
3 9 9 
1 10 
3 10 2 2 9 9 9 9 9 9 9 
1 9 
2 9 8 8 8 8 8 8 8 
1 8 
3 4 4 11 11 
1 11 
2 10 10 10 10 10 17 17 17 17 17 17 17 17 24 25 25 25 25 25 25 25 25 
1 25 25 25 
3 25 26 26 6 6 6 6 5 5 5 
1 5 5 5 5 5 
2 5 5 5 
1 5 5 5 5 12 12 12 11 11 11 11 11 11 
2 11 11 11 18 18 18 18 18 18 17 17 17 17 17 17 24 25 25 25 25 25 
1 25 25 25 25 
2 25 25 25 25 25 26 26 26 26 
3 11 
1 11 11 11 
2 18 18 18 18 18 18 18 18 18 18 18 18 18 18 18 18 18 18 18 18 18 18 18 18 18 25 25 25 25 
4 32 32 32 40 
1 3 3 3 3 3 10 10 10 10 10 10 
7 10 10 9 9 9 9 9 
3 16 16 
1 16 16 
3 16 9 9 8 8 8 8 
1 8 8 
2 8 8 
1 8 8 
3 8 8 8 8 8 8 8 8 8 8 8 8 8 8 8 8 8 8 8 8 17 17 
1 17 17 17 17 17 17 17 
2 17 17 17 17 17 24 24 24 31 
4 32 32 32 
3 18 18 18 
1 18 18 18 18 18 18 18 18 18 18 
2 18 18 18 18 18 18 18 18 18 18 17 
1 17 17 17 17 17 
3 10 10 10 10 10 10 
1 10 10 17 17 17 17 17 17 
3 17 17 17 
1 16 16 16 16 16 16 16 16 16 16 16 16 16 16 16 16 16 16 16 16 16 16 16 16 16 
3 16 16 16 17 
1 18 25 25 25 25 25 32 32 33 33 33 
3 4 
1 11 11 11 11 11 11 10 10 
3 10 10 10 10 10 10 10 10 10 10 10 10 10 9 9 9 9 9 9 9 
1 9 9 2 2 2 2 2 2 2 2 9 
2 9 9 9 9 9 
1 9 
3 9 9 8 17 17 
1 17 17 17 17 17 17 
2 17 17 17 24 24 24 24 24 24 24 31 31 
3 8 8 
1 8 8 8 8 
3 8 8 4 4 4 4 4 4 
1 4 4 4 4 3 3 
3 3 3 23 17 17 17 17 17 17 17 17 17 16 16 16 16 
1 16 16 16 17 
2 17 17 17 
1 17 17 24 
2 24 24 24 24 24 24 24 24 24 24 31 
4 31 
3 15 15 15 15 
1 16 16 16 
2 16 16 16 16 16 16 16 
1 16 16 16 
3 16 16 16 16 16 16 16 16 23 23 23 23 23 23 23 23 
1 23 24 24 24 24 24 
4 24 24 24 24 32 
3 4 4 4 4 11 11 10 10 10 10 10 10 10 10 17 17 17 17 17 17 
1 17 24 24 24 24 24 24 24 24 24 24 24 24 24 25 25 25 
3 16 16 15 15 15 15 15 16 
1 16 16 16 16 
3 16 4 4 
1 4 4 4 4 
2 4 4 10 10 10 10 10 10 10 
1 10 10 10 9 
3 4 4 4 4 
1 4 4 4 4 4 4 4 3 
2 3 3 3 3 3 3 3 3 3 2 2 9 9 9 9 9 9 9 9 9 9 8 8 8 8 8 8 15 
1 15 
3 15 
7 4 4 3 
1 3 3 3 3 3 3 3 2 2 9 9 
2 9 
1 9 9 9 9 9 9 9 9 9 16 16 15 15 15 15 15 15 15 
2 15 15 15 
1 15 15 15 15 
3 15 15 19 
1 19 19 19 19 19 19 19 19 19 
3 19 19 19 18 18 
1 18 18 18 18 18 18 18 18 18 
2 18 18 25 26 26 26 
1 26 
4 33 33 33 
3 17 17 
1 17 17 17 17 17 17 17 24 24 24 24 24 
2 24 24 24 24 24 24 24 24 24 24 24 24 25 25 25 25 
1 32 32 25 25 25 25 25 25 25 25 25 32 25 25 25 
3 25 16 
1 16 16 16 16 16 16 16 16 17 17 17 17 17 17 17 17 17 17 17 17 17 17 17 17 24 24 24 24 24 24 24 24 
4 31 32 32 32 
3 2 2 2 2 2 2 2 2 2 
1 2 9 9 9 9 9 
2 9 9 9 9 9 9 9 9 9 9 9 9 9 16 
4 17 17 17 
3 9 9 9 
1 9 9 9 
3 9 
1 9 9 8 8 
2 8 8 
1 8 
3 8 9 9 9 9 9 9 
1 9 9 9 
2 9 9 16 
1 16 16 16 16 16 16 16 16 16 16 16 16 16 16 
3 16 16 16 23 23 23 23 23 23 23 23 23 23 16 16 16 16 16 23 23 23 23 23 23 17 17 17 17 17 24 
1 24 24 24 24 24 24 24 
3 9 9 9 9 9 9 9 9 
1 9 9 16 16 
2 16 15 15 15 
1 15 15 
3 16 23 23 23 23 23 23 23 23 23 23 23 23 24 24 24 24 5 4 4 4 
1 4 4 4 4 4 4 4 11 11 
3 10 9 9 9 9 9 9 9 
1 9 9 9 9 9 9 9 9 9 9 9 9 16 16 16 16 16 16 16 
3 16 16 16 16 16 17 17 
1 17 17 17 17 17 17 24 24 24 24 24 24 24 
4 31 32 32 32 39 39 39 46 46 
1 17 17 17 17 17 17 24 24 24 24 24 24 24 24 24 24 24 24 24 
3 4 4 
1 4 11 11 11 11 11 10 10 10 10 10 10 
3 10 10 10 10 4 
1 4 4 
2 4 4 4 3 3 3 10 10 10 10 10 10 10 10 10 9 9 9 9 9 9 9 9 16 16 16 
1 16 16 16 16 16 16 16 
3 16 16 16 23 23 23 23 23 23 23 
1 23 23 24 24 24 
2 24 24 24 24 24 24 25 25 32 32 32 32 
3 4 11 11 
1 11 11 11 11 11 11 11 11 11 11 
3 11 10 10 10 10 10 10 10 10 10 10 10 10 10 10 10 10 10 10 10 
1 10 10 10 10 17 
2 17 17 17 17 17 17 17 17 17 17 17 17 17 17 17 17 17 17 17 17 17 17 17 17 17 18 18 25 25 25 25 25 25 25 25 25 25 18 18 18 18 18 
1 18 18 18 18 18 18 18 18 18 18 18 
3 17 17 17 17 17 17 17 5 5 5 5 5 
1 5 4 4 4 4 4 4 
2 4 4 4 3 3 3 3 3 3 3 3 10 10 10 9 9 9 9 9 9 9 9 9 8 8 8 8 
3 12 12 12 12 12 
1 12 11 11 11 11 11 11 11 11 11 11 11 11 11 11 11 
3 11 11 11 11 11 11 11 
1 10 10 17 
2 17 17 17 17 17 24 24 24 24 24 25 25 32 32 
3 5 5 5 5 5 5 5 4 
1 4 4 4 4 
2 4 11 11 11 11 11 11 11 11 11 10 10 10 10 10 10 10 10 10 17 17 17 17 17 17 17 17 24 24 24 32 32 
4 32 
3 16 16 16 16 
1 16 16 16 16 16 16 16 
2 16 
1 16 16 
2 16 
1 16 16 
2 16 16 16 16 16 16 
1 16 16 16 16 16 16 16 16 
2 16 16 16 23 23 23 23 23 
1 23 23 24 24 24 24 24 24 
4 31 31 31 32 32 32 32 32 33 40 40 40 41 41 41 41 48 49 49 
3 49 5 5 5 
1 5 5 5 5 5 5 5 5 
3 12 12 12 12 12 12 11 11 11 11 10 10 10 10 10 10 10 
1 10 10 10 
2 10 10 
1 10 10 10 10 10 9 9 9 9 9 9 9 9 9 9 9 9 9 9 9 
2 9 16 16 16 16 16 
1 16 
3 23 23 23 16 16 16 16 
1 16 16 16 16 23 
3 23 23 23 23 23 4 4 
1 4 4 4 4 4 3 
2 3 3 10 10 10 10 10 
1 10 10 10 10 10 10 10 10 10 17 17 17 
2 17 17 
1 24 25 
3 8 
1 8 8 8 
3 8 15 15 15 15 15 
1 15 15 15 15 15 15 
3 15 15 15 15 15 15 15 15 15 15 15 15 15 15 15 15 4 4 4 3 
1 3 3 3 3 3 
2 3 10 10 10 10 10 9 9 9 9 9 9 9 9 9 9 9 9 9 8 8 8 8 8 8 
1 8 15 
3 15 15 15 15 15 15 22 22 23 8 8 8 
1 8 8 15 
2 16 16 16 
1 16 
3 16 23 23 23 23 23 23 23 23 23 23 23 23 23 23 23 23 16 8 8 
1 8 8 8 8 8 
3 15 17 24 24 24 24 
1 25 25 25 25 32 32 32 32 
3 4 4 
1 4 4 4 4 
2 4 4 4 10 10 10 10 10 10 10 10 10 10 10 10 10 10 10 17 17 17 17 17 17 17 25 25 25 25 
1 25 25 25 25 25 25 25 25 25 26 26 26 26 26 26 26 
4 26 33 33 34 34 34 34 34 34 34 34 34 34 
3 34 34 15 15 15 8 
1 8 8 8 15 15 15 15 15 15 
3 15 15 15 15 15 15 15 16 16 16 15 
1 15 15 15 
3 15 15 15 15 17 25 
1 25 
2 25 25 
1 25 32 
4 32 
3 9 9 9 
1 9 9 9 9 16 16 16 16 16 16 16 16 16 
3 16 
4 23 23 24 24 24 31 31 31 32 32 32 40 40 40 
3 40 41 41 41 41 18 18 
1 18 18 25 25 25 25 25 
2 25 25 25 25 
1 32 32 25 25 
3 26 26 26 26 26 26 26 26 26 26 26 26 25 25 25 25 26 26 26 26 26 26 25 18 18 18 6 6 5 
1 5 5 5 5 5 5 5 5 5 5 11 11 11 11 11 11 
3 11 11 11 11 11 11 4 4 4 4 11 
7 10 10 10 10 10 10 10 10 10 10 9 9 
3 9 9 9 9 9 9 
1 16 16 16 16 16 16 
3 16 16 16 23 
1 23 23 23 24 24 24 24 32 
3 16 23 23 24 24 
1 24 24 24 24 24 24 31 32 
4 32 
3 8 
1 8 8 8 8 
3 8 5 
1 5 5 5 5 
3 5 5 5 5 
1 12 12 12 12 12 11 
2 11 11 11 11 11 11 11 11 11 11 11 11 11 11 11 11 11 11 11 10 10 10 10 10 10 17 17 17 17 17 17 17 17 17 24 24 24 25 32 
4 32 39 39 39 39 
3 6 6 
1 6 5 5 5 5 5 5 
2 5 12 12 12 12 12 12 12 12 11 11 11 11 11 
1 18 18 18 18 18 18 25 25 25 25 25 25 25 25 25 
3 25 25 26 19 19 19 19 19 19 18 18 18 4 4 4 
1 11 11 11 11 11 11 
3 5 5 
1 5 5 4 
2 11 11 11 11 11 11 11 11 10 10 10 10 10 10 10 10 10 17 17 17 17 17 17 17 17 17 17 17 17 17 24 24 24 24 24 24 32 32 
4 32 32 32 33 33 33 33 34 34 41 41 41 41 41 41 41 
3 41 5 5 5 5 
1 4 
2 4 4 4 4 4 
1 4 4 4 3 3 3 
3 3 3 4 4 4 3 3 3 
1 3 3 3 3 3 3 
3 3 2 2 2 2 2 2 2 9 9 9 9 9 9 9 9 9 9 
1 9 9 9 9 9 9 9 
4 16 
3 11 11 11 11 11 11 10 10 17 17 17 17 17 17 
1 25 25 25 25 25 25 25 32 
4 32 32 40 
3 18 18 
1 18 18 18 18 18 18 18 18 18 18 18 18 18 18 18 18 18 18 
2 18 18 17 17 17 17 17 17 17 17 17 
1 17 17 17 17 17 17 17 17 17 
3 17 17 17 
1 17 17 17 17 17 17 17 17 17 17 17 17 17 17 17 
3 17 17 17 17 17 
1 17 17 17 17 17 17 17 17 17 
3 17 17 17 17 16 16 16 16 16 16 
1 16 16 16 
3 23 
1 23 
3 17 17 17 
1 24 24 
2 24 
1 31 31 
3 4 4 4 4 4 4 4 4 4 3 
1 8 8 8 8 8 8 
3 8 9 9 9 9 
1 9 9 9 
2 9 9 9 9 9 9 9 9 9 9 
1 9 9 
3 9 9 9 9 
1 8 8 8 
2 8 8 8 
1 8 
3 8 9 9 9 9 9 
1 9 9 9 9 
2 9 9 9 9 
1 9 9 9 10 17 17 25 25 25 25 25 25 25 25 18 18 18 18 18 18 18 18 18 18 18 
2 18 17 17 17 17 17 17 17 17 17 
1 24 24 24 24 24 24 
4 31 32 
3 6 6 6 6 6 6 6 5 5 5 5 5 
1 5 5 5 5 5 5 5 4 4 4 4 4 4 4 4 4 4 4 4 4 4 3 3 3 10 
3 10 10 10 10 2 2 2 2 
1 2 2 
3 2 2 2 2 9 9 9 9 9 
1 9 9 9 9 9 9 8 8 8 8 
2 15 15 15 15 15 
1 15 15 15 
3 15 15 15 15 15 15 15 15 
1 24 24 24 24 24 24 24 24 24 24 24 24 24 24 24 24 24 24 
3 13 13 13 12 12 12 12 12 12 
1 12 12 12 19 19 19 19 19 19 
3 5 5 
1 5 5 12 12 12 12 12 
3 4 4 
1 4 4 3 3 3 3 3 
3 17 17 17 17 
1 17 17 17 24 24 24 31 
3 5 5 5 5 5 
1 4 4 11 11 11 11 11 11 11 11 11 11 11 18 18 
3 18 18 18 18 25 4 3 
1 3 3 3 3 
3 19 19 19 
1 19 19 19 26 
2 26 26 26 26 26 26 26 26 26 26 26 26 26 26 
1 26 26 26 
4 26 27 34 34 34 
3 17 17 
1 17 17 24 
2 24 24 31 31 
3 16 16 16 16 16 
1 16 16 16 16 
2 16 16 16 24 
1 24 24 24 
2 24 24 24 24 24 24 24 24 24 24 24 24 24 24 24 24 24 24 
1 24 23 23 23 
3 23 23 16 16 16 17 17 17 17 17 17 17 17 17 17 17 23 23 
1 24 24 24 24 24 24 25 
4 32 32 32 32 32 39 39 39 39 39 
1 20 20 20 20 20 27 
2 27 
1 27 27 27 27 
3 27 27 4 4 4 4 4 4 4 4 4 4 4 4 4 4 4 
1 3 3 3 10 10 10 10 10 
2 10 10 10 10 10 10 10 10 10 10 10 10 10 10 10 17 17 17 17 17 24 24 24 31 31 
1 31 
4 32 32 
3 5 5 5 5 12 12 12 12 12 12 12 12 12 
1 12 12 12 12 12 12 12 
3 12 12 12 12 12 11 11 11 11 11 11 11 11 11 11 11 18 18 18 18 18 
1 18 18 18 19 19 19 19 18 18 18 18 18 18 18 
2 18 18 19 26 26 25 
3 8 8 8 8 8 8 8 
1 8 8 
2 8 8 
3 8 6 5 5 5 
1 5 5 12 12 12 12 12 12 12 12 19 18 18 18 
2 18 18 18 18 18 18 18 18 18 18 25 25 25 25 25 
4 32 33 40 
3 8 
1 8 8 15 15 15 16 16 
3 16 16 16 2 2 2 2 2 2 2 2 
1 9 9 9 9 9 9 9 9 9 9 9 9 9 9 9 9 9 9 9 9 9 9 9 9 9 9 9 9 2 2 18 18 18 18 18 18 18 18 18 18 18 18 18 18 
2 25 25 25 25 25 25 25 26 26 26 26 26 26 19 19 19 19 19 19 19 
1 19 19 19 
3 18 18 18 18 11 26 26 
1 26 26 26 
4 26 
3 17 16 16 
1 16 16 16 16 
2 16 16 16 16 16 23 24 24 24 
1 31 31 31 
4 31 31 32 39 
3 39 39 
4 40 33 33 33 33 34 
3 34 34 27 27 27 27 27 27 27 27 27 27 27 27 27 27 27 27 27 27 27 16 16 16 
1 16 16 17 17 17 
3 17 17 17 8 8 8 8 
1 15 15 
3 15 15 22 22 22 23 23 23 10 17 
1 17 18 18 18 18 18 18 18 
2 18 18 18 18 18 25 25 25 25 25 25 26 
1 26 26 
4 26 26 33 33 
3 10 10 10 
1 17 17 17 17 17 17 
3 17 17 17 17 10 10 
1 10 10 10 17 
2 17 17 17 17 17 
1 17 
3 16 16 16 16 16 
1 16 16 16 23 23 23 
3 24 24 24 24 
4 24 25 25 25 25 25 
3 16 16 16 16 16 16 
1 16 16 16 16 16 16 16 16 
2 16 16 
1 16 23 
3 23 5 5 
1 5 5 
3 5 5 5 5 4 4 4 4 4 4 11 11 11 11 11 11 11 11 11 11 10 10 10 10 10 9 9 9 
1 16 16 15 
2 15 15 15 
1 15 15 
3 15 15 15 2 9 9 9 
1 9 9 9 9 9 9 9 
2 9 9 16 16 16 16 16 16 16 16 16 16 23 24 24 24 
4 32 32 
3 5 5 5 5 5 5 5 5 
1 5 5 5 5 5 4 4 4 4 4 4 4 4 4 4 11 10 10 
3 10 10 10 17 
1 17 
3 17 17 16 17 24 
1 24 24 24 
4 24 24 25 32 32 33 
3 6 
1 5 5 5 5 5 5 5 5 5 5 5 5 5 5 5 
3 12 12 12 12 12 11 11 11 11 11 11 11 11 11 11 11 11 11 10 10 10 10 10 10 
1 10 10 10 10 10 10 10 10 10 10 17 17 17 17 17 17 17 17 17 24 24 24 24 24 24 25 32 
4 32 32 32 40 40 
3 6 5 
1 5 5 5 5 
2 5 5 5 5 5 12 12 12 12 12 11 11 18 18 
1 19 19 19 19 19 19 19 19 19 
3 19 19 19 19 19 19 18 18 18 18 18 18 18 25 25 25 11 11 
1 11 11 11 11 11 
3 5 5 5 5 12 12 11 
1 11 11 11 11 11 11 11 11 11 11 11 11 11 11 11 11 11 11 18 18 18 
3 17 17 9 9 9 9 9 9 9 9 
1 9 9 16 16 16 16 16 16 16 17 
3 24 24 2 2 2 2 2 2 2 2 2 
1 2 2 2 9 9 9 9 9 9 9 9 9 9 9 9 9 9 9 9 9 16 16 16 16 16 16 16 16 
2 16 17 16 23 
1 16 16 16 16 16 16 
3 16 16 16 16 16 16 16 16 16 16 
1 16 16 16 16 16 16 16 17 
3 10 9 9 
1 9 9 9 
2 16 16 16 16 16 16 16 16 16 16 16 16 16 16 16 16 16 
1 16 16 
3 15 15 22 22 22 22 16 16 
1 16 16 16 16 16 16 
3 16 15 15 3 3 3 3 3 3 
1 3 3 2 2 2 9 9 9 9 
2 9 9 9 9 9 9 9 9 9 9 
1 9 
3 5 5 5 5 4 4 
7 4 4 
3 4 
1 4 4 3 
3 2 2 2 2 
1 9 9 9 9 9 9 9 8 8 
2 8 8 8 
1 8 8 
3 8 8 8 8 10 10 
1 10 10 10 10 10 10 
3 10 10 10 10 10 10 10 10 10 9 9 9 9 16 16 16 16 16 17 
1 17 17 
2 17 24 24 31 
4 31 
3 31 17 17 25 
1 25 25 25 26 26 
3 6 6 
1 6 5 5 5 5 5 5 
2 5 5 5 5 5 5 11 11 11 11 11 11 
1 11 11 11 11 
2 11 18 18 18 17 17 17 17 24 25 25 25 25 25 25 25 25 
1 25 25 26 26 26 26 26 26 25 25 25 18 18 18 18 18 18 25 
2 25 25 25 25 25 25 25 25 25 25 25 25 25 25 32 32 32 33 
1 33 
4 40 40 40 47 47 
3 48 55 19 19 19 19 19 18 18 18 18 18 
1 18 18 18 18 25 
3 4 4 4 
1 4 4 4 4 3 3 3 3 3 
3 3 10 10 10 10 10 10 10 10 10 10 10 10 10 10 10 10 10 10 10 8 8 8 
1 8 8 8 8 8 8 
3 8 8 8 
1 8 8 8 8 8 
2 8 8 
1 8 8 8 8 8 8 8 8 8 8 8 
3 10 
1 17 17 17 17 17 24 24 24 
2 24 32 32 32 
4 33 33 33 34 34 34 34 34 34 
3 17 17 17 17 17 
1 17 17 17 
2 17 17 17 17 24 24 24 24 24 24 
1 24 31 31 
3 16 16 16 16 16 23 23 24 24 
1 24 17 16 16 16 16 16 16 
3 16 16 16 16 16 16 10 
1 10 10 10 10 10 9 9 9 9 9 9 9 9 16 16 16 16 16 16 16 16 16 16 16 16 16 16 16 16 16 16 16 16 
3 16 16 16 16 16 16 16 16 16 16 23 23 23 23 23 23 23 4 4 4 
1 4 4 4 4 4 4 
2 4 4 4 3 10 10 10 10 10 10 10 10 10 10 17 17 17 17 17 17 18 18 25 25 25 25 25 25 25 
1 32 32 
3 9 9 
1 9 9 9 9 9 9 16 16 16 16 16 
3 16 16 23 23 23 23 23 30 30 10 10 10 10 10 10 10 10 17 
1 17 17 17 17 17 17 17 17 24 24 24 24 24 17 17 17 17 16 16 16 16 16 
2 17 17 17 24 24 24 24 24 24 24 25 32 32 32 
1 33 
4 33 
3 3 3 3 3 3 
1 3 3 
3 3 3 3 3 
7 2 2 2 2 2 2 2 2 
1 2 2 9 9 9 9 9 
3 9 9 9 9 9 9 10 10 10 10 10 
1 10 10 10 17 17 17 17 
2 17 17 17 17 17 17 17 17 17 17 24 24 24 24 24 24 24 24 24 24 24 24 24 24 24 24 24 25 
1 25 32 32 32 32 32 
4 32 31 25 25 25 25 
3 25 25 32 4 
1 4 4 4 4 4 4 4 4 4 4 11 11 11 11 11 11 
3 9 8 8 8 8 8 
1 15 15 15 15 
3 15 15 15 6 6 6 5 5 5 
1 5 5 5 5 5 5 5 4 4 4 4 11 11 11 11 11 
2 10 10 10 10 10 10 10 10 10 10 10 10 10 17 17 17 16 16 16 24 24 24 
1 24 24 
2 31 31 
4 31 31 39 39 
3 5 5 11 11 11 11 11 11 11 11 11 10 10 10 10 10 17 17 17 17 17 17 17 17 
1 24 24 24 24 
2 24 32 32 
3 16 
1 16 16 
3 16 16 16 16 16 16 16 15 15 15 15 15 15 15 15 15 4 4 3 3 
1 3 10 10 10 10 10 10 10 10 10 10 
2 10 17 17 17 17 17 17 17 24 
1 24 24 25 25 25 25 25 
3 26 26 26 26 
1 10 17 17 17 17 17 17 17 16 16 
3 18 18 
1 18 18 18 25 25 25 25 25 25 25 26 18 18 25 25 25 25 25 25 25 25 
2 25 25 25 25 25 32 32 33 33 
4 33 41 
3 5 5 5 5 5 4 
1 4 4 4 4 
2 4 4 4 3 3 3 3 3 3 3 3 10 10 9 9 9 9 9 9 9 9 9 9 9 8 15 15 15 15 15 15 15 
1 15 15 
3 15 5 5 5 5 
1 5 5 5 5 
2 5 11 11 11 11 11 11 11 11 11 11 11 11 11 11 11 11 11 11 11 10 10 10 10 10 17 17 17 17 17 17 17 17 17 24 24 24 24 
1 25 32 
3 2 2 
1 2 2 9 9 9 9 9 
3 9 8 8 
1 8 
3 8 5 5 5 4 11 11 11 11 
1 11 11 11 11 11 18 19 19 
2 19 19 
1 19 19 19 19 19 19 
2 18 18 18 18 18 18 18 18 18 18 18 18 18 18 18 18 18 18 18 25 25 25 
1 25 32 32 
4 39 39 40 47 47 47 48 48 
3 17 
1 17 17 24 24 24 24 24 24 24 24 23 23 23 23 23 
3 4 
1 4 4 4 11 11 11 11 11 11 10 10 10 10 10 10 10 10 10 10 17 17 17 17 17 
2 17 17 17 17 17 17 17 17 17 17 
1 17 17 17 17 17 17 17 17 17 17 17 17 17 17 17 17 17 17 17 24 24 24 24 24 24 24 24 31 32 32 
3 26 26 26 
1 26 26 26 26 26 
3 26 26 26 26 26 26 26 26 26 26 26 26 26 26 26 26 
1 26 26 26 26 26 26 26 
3 26 26 26 26 27 27 27 27 27 27 27 27 12 
1 12 12 12 11 11 11 11 11 11 11 11 
2 11 18 17 17 17 17 17 17 17 17 17 17 17 17 17 17 17 17 17 17 17 17 17 17 24 24 24 24 25 25 32 32 32 32 
4 33 33 
3 17 17 17 17 17 
4 24 24 24 17 
1 17 17 17 17 17 17 17 17 17 17 18 18 18 18 18 18 
4 18 18 18 18 18 
3 18 18 18 
4 19 19 19 26 26 
3 9 9 
1 9 9 9 9 9 9 15 15 15 15 
3 5 5 5 5 5 5 
1 5 5 5 5 5 5 
2 5 12 12 12 12 12 12 
1 11 18 18 18 
2 18 18 18 18 18 18 18 18 18 18 18 18 25 25 25 25 25 25 25 25 25 25 25 25 25 25 
1 25 32 32 32 32 
3 17 17 
1 17 
2 24 24 24 31 
4 32 32 
3 10 
1 10 10 10 10 10 10 10 10 10 10 
3 10 10 10 10 10 10 9 9 9 9 9 9 9 9 9 9 
1 9 16 16 16 15 15 15 15 15 15 15 15 15 15 15 
3 15 15 9 9 9 9 9 9 9 9 9 9 9 9 9 9 16 16 16 16 16 16 
1 16 16 23 24 24 24 24 24 24 24 24 24 24 24 25 25 25 
3 17 17 18 
1 18 17 17 17 17 17 17 17 17 17 17 17 17 17 17 17 17 17 
3 17 17 17 24 5 5 5 4 
1 4 4 4 4 4 
2 4 4 11 11 11 11 11 11 11 11 11 10 10 10 10 17 17 17 17 17 17 17 17 17 24 25 25 25 25 32 32 32 32 39 
1 39 
3 3 2 2 2 2 2 2 2 2 2 
1 9 9 9 9 9 9 9 9 9 9 16 16 16 16 16 16 16 17 
4 24 24 25 25 32 32 39 39 
3 6 6 6 6 5 5 5 5 5 5 
1 5 5 5 5 5 
2 5 5 4 4 4 4 4 4 4 11 11 11 11 11 11 11 10 10 10 10 10 10 10 10 10 10 17 17 17 17 17 17 17 17 24 24 24 24 24 24 24 24 
1 24 
4 24 24 31 31 31 32 32 32 32 32 32 32 32 32 
3 10 10 9 9 
1 9 16 16 16 16 16 16 16 16 16 16 16 16 16 16 24 24 24 
3 24 24 9 9 9 
1 9 9 16 16 16 16 16 
3 16 16 16 16 23 23 
1 2 2 
2 2 2 2 2 2 2 
1 2 2 2 2 2 2 
3 2 2 2 2 2 2 2 
1 9 9 9 9 9 
2 9 9 9 9 9 9 9 9 9 
1 8 8 8 8 8 8 8 8 
2 8 8 8 8 9 9 9 9 8 8 8 
1 8 8 8 8 8 8 8 
3 8 8 8 8 8 8 8 8 4 4 4 4 4 
1 4 4 3 3 3 3 3 3 3 3 3 3 3 3 
7 3 3 
3 3 3 
1 10 9 9 9 9 9 9 9 9 9 9 9 
2 9 9 9 9 9 9 9 9 9 16 16 16 15 
1 15 15 
3 16 16 16 23 24 24 24 24 
1 24 31 31 31 
3 31 16 16 16 16 17 17 
1 17 17 17 24 24 24 24 24 24 24 24 24 24 24 24 24 
4 24 31 31 31 31 31 
1 17 17 17 17 16 16 23 23 23 
3 23 24 24 24 24 24 24 17 
1 24 24 24 24 24 24 
2 24 24 24 24 24 
1 24 24 24 25 25 25 11 10 10 10 10 10 10 10 
3 10 10 9 
1 16 16 16 16 
3 17 17 17 17 17 
1 17 17 17 17 17 24 24 24 24 24 31 
3 8 8 8 8 
1 8 8 8 8 8 
2 8 8 8 8 8 15 15 15 15 15 
1 15 15 
3 15 15 15 15 4 4 4 
1 4 4 4 11 11 10 10 10 10 10 10 10 17 17 17 17 17 17 
3 17 17 6 5 12 12 12 12 12 
1 12 12 12 12 12 12 11 11 11 18 18 
2 18 18 18 18 18 18 18 18 25 25 25 25 26 26 26 33 33 33 
3 9 9 
1 9 9 9 9 
2 9 16 16 
1 16 16 16 
3 16 
4 16 16 23 23 24 24 24 24 24 31 31 31 32 32 39 39 39 46 46 
3 17 17 17 18 18 18 18 18 
1 18 25 25 25 26 
4 26 26 
3 5 5 4 
1 4 4 4 4 4 
2 4 4 11 11 11 11 11 
1 11 11 11 11 11 11 11 11 11 11 11 18 18 18 18 18 18 18 
2 18 18 18 18 
1 19 19 19 19 19 
3 26 26 2 2 2 2 2 2 2 2 2 
1 2 9 
2 9 9 
1 9 9 9 9 9 
3 9 9 9 9 9 9 9 9 9 16 16 16 16 16 16 16 16 23 23 23 4 4 4 4 4 4 4 4 
1 4 3 3 
3 9 16 16 16 16 16 16 16 16 
1 16 16 
2 16 16 24 24 24 31 
4 31 
3 16 16 16 16 
1 16 16 16 16 16 16 16 23 24 24 24 
3 9 9 9 9 9 
1 9 9 16 16 16 16 16 
3 16 16 16 23 23 23 23 17 17 17 17 17 17 17 16 16 
1 17 17 24 24 
2 24 24 24 24 24 
4 31 
3 5 5 5 4 
1 4 4 
3 11 6 6 
1 6 6 6 13 13 13 13 13 13 
3 13 5 5 5 
1 5 5 4 4 4 4 
2 11 11 11 11 11 11 11 11 11 11 11 11 10 10 10 10 10 10 10 10 10 10 10 17 17 17 17 17 17 24 24 24 24 25 25 25 32 32 32 
4 40 40 40 40 
3 2 2 2 2 9 9 9 9 9 9 9 
1 9 16 16 16 16 16 16 16 
4 16 
3 23 23 24 24 24 24 24 24 16 16 9 8 8 
1 8 8 8 8 8 8 8 
3 18 18 25 
1 25 25 25 25 25 
3 6 6 6 6 5 5 5 
1 5 5 5 5 5 5 5 5 5 5 5 5 5 5 12 12 12 11 11 11 11 11 11 11 11 11 11 11 11 11 
3 11 11 11 11 11 18 18 17 18 18 18 11 11 11 10 10 
1 10 10 10 10 10 17 17 17 17 
2 17 17 17 17 18 18 18 18 18 25 25 25 25 25 25 25 25 25 25 25 25 25 25 25 25 25 
1 25 25 25 25 25 25 25 25 25 32 
4 32 32 33 
3 4 4 
1 4 4 4 4 4 4 4 4 3 3 3 3 3 3 3 3 3 2 
3 2 2 2 
1 2 2 2 
3 2 2 8 9 
1 9 9 9 9 9 9 16 16 
2 16 16 
1 16 
3 16 16 15 15 5 
1 5 5 5 5 5 
2 5 5 5 11 11 11 11 11 11 11 11 11 11 11 11 11 11 11 11 11 10 10 10 10 10 10 10 10 10 10 10 10 10 17 17 17 17 17 17 17 17 17 17 17 23 23 23 
1 23 
4 23 
3 30 5 4 
1 4 4 11 11 11 11 11 11 11 11 10 10 10 10 10 10 10 
3 17 17 17 17 18 18 18 18 18 
1 18 18 18 18 18 
2 18 18 18 18 18 18 18 25 25 25 25 26 33 
1 33 33 
4 33 
3 4 4 4 4 
1 4 4 3 3 
3 16 16 16 16 16 16 16 16 
1 16 16 23 24 
4 24 
3 20 27 27 27 26 26 26 26 26 26 27 27 27 26 26 
1 26 26 19 19 19 
2 19 19 19 19 19 19 19 19 19 19 19 19 18 18 18 25 25 25 26 26 26 33 33 33 
3 3 3 3 
1 3 3 3 3 
2 3 3 3 3 10 10 10 10 10 18 18 18 
1 18 18 18 18 
3 25 25 25 25 25 25 25 25 4 4 4 4 
1 4 4 11 11 
3 11 11 11 11 11 11 11 18 18 18 18 18 18 17 17 17 17 
1 17 17 17 17 17 17 17 24 24 24 25 25 
3 25 32 8 8 8 8 8 8 
1 8 8 8 15 15 15 15 
3 15 15 15 22 22 22 22 22 11 11 11 11 11 10 17 17 17 17 17 
1 17 17 17 17 17 
2 17 
1 17 17 17 
2 17 17 17 17 17 17 17 17 17 17 17 17 17 17 17 16 23 23 24 24 24 24 24 24 24 24 24 24 
1 24 24 24 24 
3 25 25 25 25 25 25 25 
4 25 25 25 25 
1 25 25 25 25 25 25 18 18 18 18 18 18 18 18 18 19 
2 19 19 19 19 
1 19 26 26 26 26 26 
4 26 26 26 26 26 26 26 26 25 25 25 25 25 
1 25 25 25 25 25 25 25 32 32 32 32 32 
4 39 39 39 39 39 39 40 40 
3 16 16 16 16 16 16 16 23 
1 23 23 24 24 24 24 24 24 24 24 24 24 24 24 24 24 24 24 24 24 25 32 
3 6 6 6 5 5 5 5 5 5 5 5 5 4 4 4 4 
1 4 4 4 4 4 11 
2 11 11 10 10 10 10 10 10 10 10 10 10 17 17 17 17 17 17 17 17 17 17 17 16 16 16 16 16 16 16 16 16 16 
1 16 16 16 16 16 16 16 16 16 23 23 23 24 
4 24 24 31 31 31 32 
3 6 6 5 5 
1 5 5 5 5 5 5 
2 5 4 4 4 4 4 4 11 11 10 10 10 10 10 10 10 10 10 10 10 10 10 10 10 17 17 17 17 17 17 17 17 17 17 17 17 24 24 24 24 24 24 24 25 25 25 25 32 32 33 40 40 40 41 48 48 
4 49 49 
3 17 17 17 17 17 17 
1 17 17 
2 25 
1 25 25 25 
3 11 11 10 
1 10 10 10 10 10 10 10 10 10 10 17 17 
3 3 
1 3 3 3 3 3 10 10 10 10 
3 5 5 5 
1 5 5 5 5 5 5 
2 4 4 4 11 11 11 11 11 11 11 11 11 11 18 17 17 17 17 17 17 17 17 17 25 25 25 25 25 
1 25 25 25 25 
4 26 33 33 33 34 34 34 41 41 
3 4 
1 4 4 4 4 
2 3 3 3 3 3 10 10 10 10 10 10 10 10 10 10 10 10 17 17 17 17 17 17 17 24 24 24 24 24 24 24 
1 24 24 
4 24 25 25 25 25 25 
3 25 25 24 24 18 18 18 18 18 18 18 18 18 18 18 18 18 18 18 18 25 25 25 25 25 25 25 25 25 25 25 25 16 16 16 16 16 16 16 15 
1 15 15 
3 15 15 15 15 15 15 15 15 15 15 5 
1 5 5 5 4 4 
2 4 4 
1 4 4 4 4 4 4 4 4 11 
3 11 6 6 5 5 5 
1 5 5 12 12 12 12 12 12 12 12 12 12 12 11 
3 11 5 5 5 5 5 
1 5 5 5 4 4 4 4 
2 4 4 4 
1 4 4 4 10 10 10 10 10 10 10 10 10 10 10 10 10 10 10 10 
3 10 10 9 9 9 9 9 9 9 
1 9 9 9 9 9 9 
2 9 9 9 9 9 16 16 16 16 16 16 16 16 
1 23 23 23 23 
3 23 11 
1 11 11 11 18 18 18 
2 18 18 18 18 18 18 25 25 
1 25 25 25 33 
3 6 6 6 
1 6 6 5 5 5 
2 5 5 5 5 5 5 5 5 5 5 5 5 5 5 12 12 12 12 12 12 12 11 11 11 11 11 11 11 11 11 11 18 18 18 18 18 18 25 25 25 25 25 25 25 25 25 32 32 32 
1 33 33 33 
3 3 3 3 3 3 3 3 
1 3 3 3 
2 3 2 2 2 2 2 2 2 2 2 9 
1 9 9 9 9 9 9 8 8 8 8 8 8 8 8 8 8 8 8 15 
2 15 15 15 15 
1 16 16 
3 16 16 16 23 17 17 17 17 17 17 17 
1 17 17 17 24 24 24 24 24 
3 5 5 
1 5 5 5 5 5 
2 5 5 4 4 4 4 4 4 4 4 4 11 11 11 11 11 11 11 11 11 11 18 18 18 18 18 18 18 18 25 25 25 25 32 33 33 
3 5 5 
1 5 5 5 5 5 
2 5 5 5 5 4 4 11 11 11 11 11 11 11 11 11 11 11 18 18 18 18 18 18 25 25 25 32 32 
4 32 33 40 40 40 48 48 49 49 49 49 50 
3 10 
1 10 10 10 10 10 17 17 17 17 16 16 16 16 16 16 
3 16 16 16 16 16 16 16 16 16 16 16 16 16 16 16 23 23 24 17 17 17 17 
1 17 17 17 24 24 24 24 24 24 31 
4 31 
3 9 9 9 9 9 9 9 
1 9 9 16 16 
3 16 
4 16 16 16 23 23 24 24 24 24 
3 31 11 18 18 18 
1 18 18 18 25 25 26 26 26 26 26 
3 26 26 5 
1 5 5 5 5 
2 5 5 5 5 5 5 12 12 12 12 12 
1 12 12 12 12 
3 12 12 12 12 12 12 12 12 11 11 11 11 11 11 11 11 11 11 10 10 10 17 17 17 17 17 17 4 4 3 3 3 
7 3 3 3 3 10 10 10 9 9 9 9 9 9 9 9 
3 9 9 9 9 
1 9 9 9 9 9 9 9 16 16 16 16 16 16 
3 16 16 16 23 23 17 17 17 
1 17 17 17 17 24 24 24 24 24 
3 24 
1 24 24 
3 19 19 19 19 19 19 26 26 
1 26 26 26 26 26 
3 3 3 3 
1 3 3 3 3 3 2 2 2 
2 2 2 2 2 
1 2 
3 9 9 9 9 9 9 9 9 9 9 9 
1 9 9 9 9 9 9 9 8 
2 8 8 8 8 9 9 9 16 16 16 16 
1 16 
3 23 
4 23 23 23 30 
3 5 5 
1 5 5 5 5 5 4 
2 4 4 4 4 4 4 11 11 11 11 11 10 10 10 10 10 17 17 17 17 17 24 24 24 24 24 31 31 
1 32 
4 32 32 33 33 33 41 
3 16 
1 16 16 16 16 16 16 16 16 16 16 
3 16 16 16 9 9 9 9 9 
1 16 16 
3 16 16 16 16 16 16 16 16 16 16 16 16 16 16 5 5 4 4 4 4 4 
7 4 4 
1 3 3 3 3 3 3 3 2 2 2 2 9 9 9 9 9 9 9 9 9 
3 9 9 3 3 3 
1 3 3 3 3 3 3 2 2 
2 2 2 2 2 2 2 2 2 9 9 9 
1 9 
3 9 1 4 4 4 4 4 4 4 4 
1 11 11 10 10 10 10 10 10 10 10 17 17 
2 17 17 17 17 18 18 18 18 18 18 18 18 18 25 24 24 25 25 25 25 25 25 25 25 25 25 25 26 26 26 26 19 19 26 26 26 26 26 26 26 
4 26 
3 16 16 
1 16 16 16 16 16 
3 16 16 16 16 16 16 16 16 
1 16 15 15 15 
2 15 15 
1 15 
3 15 5 5 5 5 5 5 5 
1 4 4 4 4 4 4 4 
2 4 11 11 11 11 11 11 11 11 11 11 11 11 18 18 18 18 18 18 25 25 25 25 26 26 
1 26 33 33 33 
4 33 34 34 34 
3 6 5 5 5 5 5 
1 5 5 5 5 5 5 4 11 11 11 
2 11 11 11 11 11 11 11 11 11 11 11 11 11 11 11 18 18 18 18 18 18 18 18 18 18 25 25 25 25 25 25 25 26 
4 26 33 33 33 33 33 33 33 34 34 34 41 
3 4 4 4 4 4 4 3 3 3 3 3 3 3 3 3 3 3 3 3 3 3 
1 3 3 2 2 2 2 2 
2 2 2 2 
1 2 2 
3 2 2 
1 2 
3 5 5 5 
1 5 5 4 11 11 11 11 11 11 
2 11 11 11 11 10 10 10 10 17 17 17 17 17 17 17 17 17 17 17 17 17 24 24 24 24 24 24 24 24 24 24 24 24 24 24 24 24 
1 24 24 24 24 24 24 24 24 32 32 
4 32 32 40 40 40 40 41 41 41 
3 15 
1 15 15 15 
2 15 15 
1 15 
3 15 16 4 4 
1 4 4 4 
2 4 4 4 4 4 11 11 11 11 
1 11 11 11 11 
3 11 10 10 3 3 3 3 3 8 8 
1 8 8 8 8 8 8 8 8 8 
3 17 17 
1 17 17 17 18 18 18 
2 18 18 18 18 18 18 25 25 25 26 
1 26 
4 26 26 34 34 34 34 
3 16 16 9 9 9 9 
1 16 16 16 16 16 16 16 
3 16 18 
4 18 18 18 18 18 18 18 18 18 18 18 18 18 
1 18 18 18 18 18 18 18 18 18 18 18 18 
3 18 18 18 18 18 18 18 18 18 18 18 18 4 4 4 4 4 11 11 11 11 11 11 11 10 
1 10 10 10 10 10 10 10 
3 10 10 17 17 17 6 5 5 5 5 
1 5 5 12 12 12 12 12 12 11 11 11 11 11 
3 18 18 18 18 18 18 18 6 6 5 5 5 5 
1 5 5 5 5 5 5 5 5 12 12 11 11 
2 11 11 11 11 18 18 18 18 18 18 25 25 25 25 25 25 25 25 25 25 25 18 18 18 18 18 18 18 18 25 25 25 25 26 26 26 26 26 33 33 27 27 
1 27 
3 27 18 18 18 18 18 18 
1 18 19 19 19 19 19 19 26 26 
4 26 27 27 27 27 34 34 33 
3 26 26 26 26 26 26 26 26 26 26 26 26 26 11 11 
1 11 11 11 11 11 11 11 11 18 18 18 18 
2 18 18 18 18 18 18 18 19 
1 19 19 19 19 26 26 26 26 26 26 26 26 26 26 26 26 26 26 26 26 26 26 26 26 26 26 26 26 26 26 26 26 19 
8 19 19 
1 19 19 19 19 19 19 19 19 19 19 19 19 19 19 19 19 19 19 19 19 
2 19 19 19 
1 19 
2 19 26 26 26 26 26 26 26 
1 26 26 26 26 26 26 26 26 26 26 26 26 26 26 26 26 26 26 26 26 26 26 26 
3 5 5 5 5 
1 5 5 5 5 5 
3 5 5 11 11 11 
1 11 11 11 11 11 11 11 
2 11 11 11 10 10 10 10 10 10 10 10 10 10 10 17 17 17 17 16 16 16 16 23 24 24 
4 31 31 31 31 38 39 39 39 39 39 39 40 40 40 40 40 
3 16 16 
1 16 16 16 23 23 24 24 24 31 
3 17 
1 17 17 17 17 17 16 16 23 23 23 24 
2 24 24 31 31 
4 31 32 32 39 39 39 39 39 
3 39 46 2 
1 2 2 2 
2 9 9 9 9 9 9 9 9 9 9 
1 9 9 9 
3 9 9 9 9 9 9 
1 9 9 9 9 
2 9 9 9 9 9 9 16 16 16 16 16 16 16 16 16 
1 16 
4 16 16 16 16 16 
3 5 5 5 
1 5 5 5 5 5 5 4 4 4 4 4 4 4 
3 4 4 
1 4 4 
3 4 4 
1 4 4 11 11 11 11 11 11 11 11 11 11 11 11 18 18 18 18 18 18 18 18 18 25 25 25 25 25 
2 25 26 
1 33 33 
3 11 10 10 10 10 
1 10 10 10 10 
2 9 9 9 9 9 9 9 9 9 9 
1 9 9 9 9 9 9 9 9 9 9 
2 9 9 9 9 9 9 9 16 16 16 16 16 15 
1 15 
3 15 15 15 15 15 17 17 17 17 17 17 17 
1 17 17 
2 24 24 24 24 24 24 24 24 24 24 24 25 25 25 25 32 32 
1 32 
3 5 5 
1 5 5 5 5 5 5 5 4 
2 4 4 4 4 4 4 4 4 3 3 3 3 3 3 3 3 3 3 3 3 3 9 9 9 9 9 9 9 9 9 9 9 9 9 9 9 9 9 9 9 16 16 16 16 16 16 
1 16 
3 23 23 23 23 23 23 23 23 
4 24 24 24 16 16 16 
3 16 16 16 16 16 16 9 16 16 16 
1 16 16 15 15 
3 15 
1 19 19 12 12 12 12 12 12 12 12 12 
3 12 19 19 10 10 10 17 
1 17 17 17 17 17 17 17 
2 17 17 17 17 17 17 24 25 25 25 25 25 
1 25 25 25 25 25 25 25 25 
3 25 25 26 4 4 4 4 4 
1 4 
2 4 4 4 4 4 4 4 
1 4 4 3 3 3 3 3 
3 3 3 3 3 3 3 24 
1 24 24 24 24 
4 31 32 32 39 40 40 40 40 40 40 40 41 41 48 48 48 48 
3 16 16 16 
1 16 24 24 24 24 
3 2 2 2 9 9 9 9 9 
1 9 9 9 9 
2 9 9 9 16 16 16 16 16 16 16 16 16 16 16 16 23 24 24 24 24 
4 31 
3 2 2 2 2 2 
1 2 9 9 9 9 9 9 9 
2 9 9 
1 16 16 16 
4 16 
3 5 5 5 5 5 5 
1 5 5 5 5 5 5 5 
2 5 5 5 5 4 4 4 11 11 11 11 11 11 11 11 11 11 11 11 10 10 10 10 10 10 10 10 10 10 10 10 10 10 10 17 17 17 17 17 17 17 24 24 24 24 31 32 
4 39 39 39 39 39 
3 10 10 10 17 
1 17 17 17 17 17 17 18 18 18 18 18 
3 5 5 5 5 
1 5 5 5 5 
3 5 5 12 12 12 12 12 11 11 11 11 11 11 11 11 11 11 11 11 11 11 11 5 5 5 5 
1 5 5 5 5 5 
2 4 4 4 4 4 4 4 4 4 4 4 10 10 10 10 10 10 10 10 10 10 10 10 10 10 9 9 9 9 9 9 9 9 9 16 16 16 16 16 16 16 16 16 16 16 
1 16 16 
3 16 16 16 16 16 16 16 8 8 8 8 8 8 15 15 
1 16 16 16 16 16 16 
4 16 23 23 24 24 24 31 31 31 32 32 32 33 33 33 34 34 41 41 41 41 41 41 41 41 48 48 47 47 47 47 
3 25 
1 25 25 25 25 25 25 
3 6 5 5 5 5 5 5 5 5 5 5 5 4 4 4 4 
1 4 4 4 4 4 4 
2 11 11 11 10 10 10 10 
1 10 10 10 
2 10 10 10 10 10 10 10 10 10 10 10 10 10 17 17 17 16 16 16 16 16 16 23 23 
1 23 
3 23 23 23 23 23 30 30 30 30 30 31 31 31 8 
1 8 8 8 15 15 16 16 
2 16 16 16 16 
1 16 
4 16 16 23 23 23 24 24 24 32 32 32 32 32 32 32 32 33 33 40 
3 9 9 9 9 9 9 9 9 9 9 
1 9 9 9 9 
2 9 16 16 16 16 16 16 16 16 16 9 
1 9 9 9 9 9 9 
3 9 9 9 9 8 8 8 8 8 8 13 13 
1 13 13 13 13 13 
3 13 13 13 13 12 12 6 13 12 12 12 12 12 12 
1 12 12 12 
2 12 19 19 19 18 18 18 18 18 18 18 18 18 18 
1 18 18 18 18 
2 18 18 18 18 18 25 25 25 25 25 26 26 26 33 
3 24 24 24 24 
1 24 24 24 24 24 24 
3 24 24 24 9 9 9 9 9 9 
1 9 9 16 16 16 16 16 16 
3 16 16 16 23 6 5 5 5 5 5 5 5 
1 5 12 12 12 12 12 12 11 11 11 11 11 11 11 18 18 18 18 
3 18 18 18 18 8 8 
1 8 8 8 8 8 8 8 15 15 15 15 
2 15 15 
1 15 
3 15 16 16 16 
1 16 15 15 15 15 15 15 15 
3 15 
4 17 
1 17 17 17 17 24 24 
3 12 
1 12 12 11 11 11 11 11 11 11 
2 11 11 11 11 10 10 10 10 10 10 10 10 10 10 10 10 10 9 9 9 9 9 9 9 9 9 9 9 9 9 16 16 16 16 16 15 15 15 15 15 
1 15 15 22 
4 23 23 30 30 
3 3 3 3 3 
7 3 3 3 3 3 2 2 
3 2 9 9 
1 9 9 9 9 9 9 
2 9 9 9 9 9 9 9 9 9 9 9 9 9 9 9 
1 9 9 9 9 9 9 9 9 16 16 16 16 16 16 
3 16 23 23 4 3 3 3 3 3 3 3 
1 3 3 3 3 3 
2 3 3 3 3 10 10 10 10 10 10 10 10 10 10 10 
1 9 9 9 2 2 2 2 2 
2 9 9 9 9 9 9 9 9 9 9 9 9 9 9 9 9 8 8 8 8 8 8 8 15 15 15 15 15 
1 15 15 15 15 
3 15 9 9 16 
1 16 16 16 16 16 
3 16 16 16 16 16 16 16 16 16 16 16 23 23 16 16 16 16 16 16 16 16 16 16 16 16 16 16 16 16 23 24 
1 24 24 24 24 24 25 
3 6 5 
1 5 5 5 5 
2 5 5 5 5 5 4 4 4 4 4 11 11 11 11 11 11 11 11 11 10 10 10 10 17 17 17 17 17 17 24 24 24 24 24 24 24 24 
1 24 24 24 24 24 24 24 24 24 
3 24 25 25 32 17 17 17 
1 17 17 17 17 17 17 24 24 25 25 25 25 25 25 25 
2 25 25 
1 25 25 
4 32 
3 10 10 10 10 10 
1 10 10 10 10 
2 10 10 10 10 17 17 17 17 17 17 17 17 
1 17 17 24 24 25 18 18 25 25 25 25 26 26 26 26 
3 11 11 11 11 
1 10 10 10 
2 17 17 17 18 
1 18 18 18 18 18 18 18 25 25 25 25 25 26 
4 33 
3 2 
1 2 2 2 2 2 2 2 9 
3 9 9 9 8 2 2 2 9 9 9 9 
1 9 9 9 9 9 9 9 9 
2 9 9 9 9 9 9 
1 9 16 15 15 15 15 15 15 
3 15 15 15 15 15 5 5 5 
1 5 4 4 4 
2 4 4 4 4 4 4 11 11 11 11 11 11 11 11 11 10 10 10 10 10 10 10 10 10 10 10 10 10 10 9 9 16 16 16 16 16 16 16 16 16 
1 16 16 16 16 16 16 
3 16 16 16 16 23 23 23 23 23 
4 30 
3 30 31 31 31 9 
1 9 9 9 
3 2 4 
1 4 11 11 11 
2 11 11 11 11 11 11 10 10 10 10 10 10 10 17 17 17 17 17 17 17 17 17 17 17 17 17 17 17 17 17 17 17 24 24 24 24 24 24 24 24 31 
4 31 
3 2 2 2 2 2 9 9 9 9 9 9 9 9 9 9 9 9 9 
1 9 9 9 
2 9 9 9 9 16 16 16 16 16 16 16 
4 23 23 
3 24 24 24 24 
1 24 24 24 31 
3 31 32 32 32 16 16 16 23 23 23 23 23 24 24 
1 24 24 
2 24 24 24 
1 24 24 17 17 17 17 17 24 24 
4 24 24 
3 5 5 5 5 5 5 5 
1 5 12 12 12 12 12 12 12 12 19 19 19 
2 18 18 18 18 18 25 25 25 25 26 26 26 26 
1 26 26 27 
3 5 5 
1 5 5 5 5 5 5 
2 5 5 5 5 5 5 12 12 11 11 11 11 11 11 11 11 11 11 11 11 18 18 18 18 18 18 25 25 25 25 25 
1 25 25 
4 33 33 33 33 33 34 34 41 41 41 
3 4 4 4 
1 4 3 3 3 3 3 
2 3 3 10 10 10 
1 10 10 10 10 10 17 17 
2 17 17 24 25 25 32 
3 16 16 16 16 16 16 16 16 9 16 16 16 
1 16 16 16 15 15 15 
3 15 15 15 15 4 4 4 4 
1 11 
3 11 10 10 6 6 5 5 5 5 5 5 5 5 5 5 5 
1 5 5 12 12 12 12 11 11 11 11 11 11 11 11 
3 11 11 11 4 4 4 4 4 4 4 4 4 3 3 10 10 10 10 10 10 10 10 10 10 10 9 16 16 16 
1 16 16 16 23 23 23 24 31 
4 31 
3 5 5 5 5 5 5 
1 5 5 5 5 4 4 4 4 4 4 4 4 
3 17 17 17 17 17 17 17 
1 24 24 24 24 24 24 24 24 24 24 24 24 24 24 24 25 
2 25 25 25 25 25 25 25 
1 25 25 25 26 26 26 
4 26 
3 9 9 9 
1 9 9 9 9 
3 9 9 5 
1 5 5 4 4 4 4 4 4 4 4 4 3 3 3 10 10 10 10 10 10 10 10 10 10 10 10 10 10 10 10 10 17 17 17 17 
2 24 24 24 31 
3 17 17 
1 17 17 17 
2 17 17 17 25 25 
1 25 25 25 25 25 25 25 25 
3 25 5 5 4 4 11 
1 11 11 11 11 11 11 11 11 11 11 11 
3 10 2 2 2 2 2 2 
1 2 2 2 2 2 2 2 
3 2 2 9 9 9 9 9 9 9 9 9 9 9 
1 16 16 16 
2 16 
1 16 16 
3 16 16 16 23 23 23 23 23 23 24 24 24 31 31 31 31 31 31 17 17 
1 17 17 17 
2 18 18 18 25 25 26 26 26 33 34 34 34 
4 34 34 
1 10 10 10 10 10 10 10 10 10 
3 9 9 9 9 9 9 9 9 9 9 9 9 9 16 2 2 
1 2 2 2 2 2 2 2 2 
2 2 2 2 2 2 2 
1 2 
3 5 4 
1 4 4 4 4 4 
2 4 4 4 11 11 11 11 11 
1 11 10 17 17 17 17 17 17 24 24 24 24 24 25 
3 16 16 16 16 16 16 16 16 16 16 16 16 16 16 16 16 15 15 
1 15 15 15 15 
2 15 15 15 15 15 15 
1 15 15 15 15 15 15 15 15 15 
3 15 13 13 13 
1 12 12 12 12 12 12 12 12 12 12 12 12 
3 12 12 12 12 19 19 19 19 19 19 18 18 18 18 18 18 18 
1 18 18 18 25 25 25 25 25 25 
2 25 25 25 25 25 25 25 25 
1 25 25 25 25 25 32 32 32 
4 33 33 33 33 33 
3 3 3 10 
1 10 10 10 10 10 10 10 10 
2 10 10 
1 10 10 10 
3 10 
1 10 10 10 10 10 10 10 10 10 17 17 
2 17 17 17 17 17 17 17 17 17 17 17 17 17 17 17 17 17 17 16 16 16 16 16 16 
1 16 16 16 16 
3 16 16 23 23 23 23 
4 23 
3 4 4 4 4 4 4 4 3 3 10 10 10 10 10 10 10 10 10 10 10 10 9 9 9 16 16 16 
1 16 16 16 
3 23 23 23 23 24 31 31 9 9 16 16 16 16 
1 16 16 17 17 17 
2 24 24 24 24 24 
1 24 24 24 24 24 17 17 17 17 17 17 16 16 16 16 
3 16 16 16 16 16 16 16 17 17 17 17 16 16 16 16 16 16 16 
1 16 16 16 16 16 16 17 17 17 17 17 17 17 17 17 17 
3 17 17 17 17 17 17 17 17 17 
1 17 17 
3 24 17 
1 24 24 
2 24 24 24 25 25 25 25 25 25 25 25 25 25 25 25 25 25 25 25 25 25 25 25 25 
1 25 25 25 25 25 
3 25 25 25 
1 18 18 18 18 18 18 18 25 26 26 26 26 26 26 26 26 26 
4 26 27 
3 27 27 27 27 26 16 
1 16 16 16 16 16 
3 16 16 16 
1 16 16 16 16 16 16 16 
3 16 16 16 23 23 23 23 4 11 11 11 11 11 
1 11 11 11 11 17 17 17 17 17 
2 17 17 17 17 17 18 25 25 25 25 26 
3 6 6 6 5 5 5 5 5 
1 5 5 5 5 5 5 4 4 
2 4 4 4 4 11 11 11 11 11 11 11 11 11 10 10 10 10 10 10 10 17 17 17 17 17 17 17 17 17 17 17 24 24 24 24 24 24 25 
4 32 32 33 33 33 41 41 41 
3 10 10 9 
1 9 9 9 
3 16 16 16 16 16 16 16 16 9 9 9 
1 9 9 
2 2 2 2 2 3 3 3 3 3 10 10 10 10 10 10 10 10 10 10 
1 10 10 10 10 3 3 
3 10 11 11 11 11 11 11 11 17 17 17 
1 17 17 17 17 17 17 17 17 
2 17 17 
1 17 17 17 17 17 17 17 17 17 17 17 17 17 17 17 17 17 24 24 24 25 25 25 25 25 33 
3 4 4 4 4 
1 4 4 4 4 4 4 4 4 11 11 
3 11 11 11 11 10 10 10 10 10 10 10 11 11 11 11 
1 11 11 11 11 11 11 11 11 11 10 10 10 
3 10 10 3 3 3 10 10 10 10 9 9 
1 9 9 9 
2 9 9 9 9 9 9 9 9 9 9 
1 9 9 8 
3 8 8 8 8 8 
1 8 8 
3 2 2 2 2 2 9 9 9 9 
1 9 
2 9 9 9 9 9 9 9 9 9 16 16 16 16 
1 16 16 16 16 16 16 23 
2 23 24 24 
1 24 24 24 24 24 
4 24 24 24 
3 9 8 
1 8 8 8 8 8 
3 17 17 17 17 
1 18 18 18 18 25 25 
4 25 25 
3 5 5 5 5 5 4 4 
1 4 4 4 4 4 4 4 4 4 4 4 4 11 11 11 11 11 11 11 11 11 11 11 11 11 11 11 11 11 11 11 11 11 11 
3 11 11 11 18 18 18 18 18 18 18 18 18 18 18 18 18 
4 18 18 18 
3 18 17 17 17 17 17 17 17 17 17 17 17 17 17 17 17 17 17 17 17 
4 17 17 
1 17 17 
2 17 17 17 17 17 25 25 25 
1 25 25 32 32 32 32 
4 32 32 33 33 33 33 33 34 34 34 
3 34 5 4 4 4 11 11 
1 11 11 11 11 11 11 11 11 11 11 11 11 11 10 10 10 10 10 17 17 
2 17 17 17 17 17 17 17 24 24 24 24 
4 24 32 32 32 32 32 32 32 33 33 33 33 33 41 41 41 41 41 48 48 47 47 47 47 
3 16 
1 16 16 15 15 15 
2 15 15 15 15 15 15 15 
1 15 15 
3 15 15 22 22 22 22 22 22 9 9 9 9 9 9 9 9 9 9 9 9 9 9 9 16 
1 16 16 16 16 16 
3 16 2 2 2 
1 2 2 
3 2 2 2 2 2 2 2 
1 9 9 9 
3 9 9 9 
1 8 8 8 8 
2 8 8 8 8 
1 8 
3 8 10 10 
1 10 10 10 10 10 10 10 
2 10 10 10 10 16 16 16 16 16 16 16 16 16 16 16 16 16 16 23 24 24 24 24 
1 24 24 24 24 24 24 24 24 24 17 17 17 17 17 23 23 23 23 
3 23 23 23 23 23 23 23 23 30 30 30 30 30 18 18 
1 18 18 25 25 25 25 25 25 25 25 
2 25 26 26 26 26 26 26 26 26 26 26 26 26 26 26 26 26 
1 26 
3 16 16 
1 16 16 16 16 16 16 16 16 16 16 16 16 
3 16 16 16 16 16 5 5 5 5 12 12 11 11 11 11 11 
1 11 11 11 11 
3 11 11 11 11 11 11 11 11 11 10 
1 10 10 10 17 17 17 17 17 17 17 17 17 17 17 17 24 
2 24 24 24 24 24 24 24 24 24 24 24 25 
1 25 25 
3 10 10 
1 10 
4 10 10 10 
1 10 10 10 11 11 11 
3 10 10 17 17 
1 17 17 17 17 17 17 17 18 18 18 18 
4 18 
3 5 5 4 4 4 
1 4 4 11 11 11 
2 11 11 11 11 11 11 11 11 18 18 18 18 18 18 18 18 18 18 18 19 19 19 
4 26 26 26 26 26 26 33 33 26 26 26 26 
1 24 24 24 24 24 24 17 17 18 18 18 18 18 11 11 11 11 11 11 18 18 18 25 25 18 18 18 18 18 18 18 18 
2 18 18 18 18 18 18 18 18 18 11 11 
1 10 10 10 10 
3 10 9 9 9 9 9 9 9 
1 9 9 16 16 16 16 16 16 
3 16 16 16 16 16 16 16 16 16 16 16 16 16 16 16 8 8 
1 8 8 8 8 3 3 10 10 10 
2 10 10 10 10 10 10 10 10 10 10 10 9 9 16 16 16 16 16 16 16 16 23 23 23 23 
1 24 24 
4 31 31 31 31 
3 16 16 16 16 16 16 16 
1 16 16 16 16 16 16 16 16 16 16 16 16 16 17 
2 17 24 24 24 
1 24 24 24 24 24 
4 32 32 32 32 32 39 39 40 40 40 
1 10 10 10 10 
3 10 
7 10 
3 10 17 17 17 17 17 24 24 24 24 24 24 
1 24 24 24 24 24 32 32 
4 32 32 32 
3 18 18 18 
1 18 18 18 18 18 18 18 
2 18 18 18 18 18 18 18 18 18 18 18 18 18 18 25 25 18 18 18 18 25 25 
1 25 
3 5 5 5 5 5 5 
1 5 5 4 4 4 4 4 4 4 4 4 4 4 11 11 11 11 10 10 
3 4 4 4 4 
1 4 4 4 3 3 3 3 3 10 10 10 10 
2 9 9 16 16 16 16 
1 16 16 
2 16 16 16 16 
1 16 16 
3 16 23 23 23 23 23 23 23 17 17 17 17 17 24 24 24 24 
1 24 25 32 
2 32 32 39 39 
3 4 4 4 4 4 11 11 10 
1 10 10 10 
3 10 10 10 10 10 10 10 10 9 9 9 9 9 9 9 9 9 9 16 16 16 
1 15 15 15 15 15 15 15 15 
3 15 15 15 15 15 15 15 15 22 22 22 22 23 23 23 23 
1 10 10 10 10 10 10 
3 10 10 17 17 17 17 17 16 16 16 
1 16 16 
2 16 16 16 16 15 15 15 15 15 8 8 8 8 
1 8 
3 17 17 17 
1 17 17 17 
2 17 17 16 16 16 16 16 23 24 24 
1 24 
3 24 24 24 
1 24 24 
4 25 25 25 
3 25 25 25 25 26 26 26 26 26 26 
1 26 26 26 26 25 25 26 26 26 26 26 26 26 26 26 33 32 32 
3 12 12 
1 12 12 12 12 12 12 12 12 12 12 19 18 18 
2 18 18 18 25 25 25 25 33 33 
1 33 
4 33 
3 2 2 
1 2 2 9 
2 9 9 9 9 9 9 9 9 9 
1 9 9 
3 9 9 9 9 9 9 9 9 9 9 9 9 9 9 9 9 16 16 16 16 16 16 16 16 
1 16 16 16 
3 16 16 16 16 16 16 16 16 16 16 16 16 16 
1 16 16 16 16 15 15 15 15 15 16 16 
4 16 16 16 
3 16 16 23 17 17 17 17 17 17 17 17 17 17 17 17 17 
1 17 17 24 24 24 24 24 24 24 25 
3 25 25 25 25 25 26 10 10 10 10 9 9 9 9 9 9 9 9 9 9 9 9 9 9 9 
1 8 8 8 
2 8 8 8 8 8 8 8 
1 8 
3 15 15 5 
1 5 5 5 5 
2 5 5 4 4 4 4 4 11 11 11 11 11 11 11 11 11 11 11 18 18 18 18 18 18 18 18 18 18 18 25 25 25 25 26 
1 26 24 25 25 25 25 25 25 
2 25 
1 25 32 
3 2 2 2 2 2 2 2 2 
1 2 9 9 
2 9 9 9 9 9 9 9 9 9 9 9 
1 9 9 9 9 9 
3 9 9 5 5 5 5 5 4 4 4 4 4 4 4 4 
1 4 4 4 4 4 4 4 
2 4 4 3 3 10 10 10 10 10 10 10 10 10 10 10 10 9 9 9 9 9 9 9 9 
1 9 9 
2 9 16 16 16 16 16 16 16 9 9 9 9 9 9 9 9 9 9 9 9 9 8 8 8 8 8 8 8 8 8 8 
1 8 
3 8 8 9 9 9 9 9 9 9 9 9 9 9 8 
4 8 8 8 8 
1 8 8 8 8 8 8 8 8 8 8 8 8 8 8 8 8 8 8 
3 8 8 8 8 8 1 2 2 2 2 2 9 9 
1 9 9 9 9 9 
2 9 9 9 9 9 9 9 9 10 17 17 17 17 17 17 17 24 25 25 25 25 18 18 18 18 18 25 25 25 25 25 25 25 25 25 26 26 
1 26 33 
4 33 33 34 41 41 41 42 
3 4 3 
1 3 3 3 3 
2 3 3 3 3 3 2 2 2 2 2 2 2 
1 2 
3 2 2 9 9 9 8 5 5 5 5 
7 5 5 5 4 4 4 
3 4 11 11 11 11 
1 11 11 11 11 11 11 
2 11 11 18 18 18 18 18 18 18 18 19 19 19 19 19 26 26 26 
1 26 26 26 26 26 
3 26 2 2 9 9 9 9 
1 9 9 9 9 9 9 9 9 9 9 9 9 9 8 8 
2 8 8 8 8 8 8 
1 8 8 
3 18 18 18 18 18 11 11 11 11 
1 11 11 11 11 11 
2 11 18 18 18 18 26 26 26 26 26 26 33 33 33 33 33 
4 34 34 34 34 34 34 34 27 
3 4 4 4 4 4 4 4 4 4 4 
1 4 4 4 3 3 
3 3 3 3 5 5 5 
1 5 4 4 4 4 4 4 4 4 4 4 4 4 11 11 11 10 10 
3 10 10 
7 10 10 10 10 10 10 
3 10 10 10 
1 10 10 10 10 10 10 
2 10 10 10 10 10 17 17 17 17 17 24 24 24 31 
1 31 
4 32 32 32 33 
3 17 17 
1 17 17 17 17 17 17 17 
2 17 17 17 17 17 17 17 
3 23 23 16 16 16 16 16 16 16 16 16 16 16 16 16 
1 17 17 17 17 17 17 17 17 17 17 17 17 17 17 17 17 17 17 17 17 17 17 17 18 18 18 18 18 18 25 25 25 25 25 25 25 25 25 18 18 25 25 
2 25 25 25 25 33 33 33 
4 33 33 33 34 34 34 34 
3 34 27 27 27 27 27 28 28 28 5 
1 5 12 12 12 
3 12 11 11 11 11 11 11 11 9 9 9 9 
1 9 9 9 9 9 9 9 8 
2 8 8 8 8 8 
1 8 
3 10 
1 10 10 10 10 10 10 10 10 
2 17 17 17 17 18 18 
1 18 
4 25 25 26 26 26 33 33 33 26 26 26 26 26 27 27 27 
3 27 27 27 27 20 20 20 20 20 20 20 20 20 20 6 6 5 12 12 12 12 12 12 12 12 12 12 12 
1 12 12 12 19 
2 19 19 18 18 18 18 18 18 18 18 18 18 18 18 18 18 18 18 18 18 18 18 18 18 18 25 24 24 24 24 25 25 25 25 25 32 32 33 33 33 33 33 34 34 
1 34 34 34 35 
4 35 
3 6 6 6 6 5 5 
1 5 5 5 5 5 5 5 5 5 5 5 5 5 5 
3 5 5 
1 12 12 11 11 11 11 11 11 11 11 11 11 11 11 18 18 18 18 18 18 18 11 
2 11 10 
1 10 10 10 10 17 17 17 
2 17 17 17 17 17 18 18 18 
1 18 18 
4 25 
3 4 
1 4 4 4 11 11 11 11 11 11 11 11 11 11 18 19 19 26 
2 26 33 
3 9 9 
1 8 8 8 15 16 16 
2 16 16 15 15 15 16 16 
1 16 15 15 15 16 16 16 16 16 16 16 
3 23 2 2 2 
1 2 2 2 2 2 2 
2 2 2 2 2 2 9 9 9 9 9 9 9 9 9 9 9 9 9 9 9 9 2 
1 2 2 2 2 2 2 2 2 
3 2 2 2 2 1 8 8 8 8 8 8 8 
1 9 9 
3 9 
1 9 9 9 16 16 
4 16 16 17 24 24 24 25 25 32 33 33 33 41 41 41 48 
3 25 
1 25 25 25 25 18 18 18 18 18 18 18 18 
3 18 18 18 18 18 18 18 18 18 18 18 3 
1 10 10 10 10 10 10 10 
2 10 10 10 
1 10 10 10 10 10 10 10 
3 10 10 
1 10 10 10 10 
3 17 
4 17 17 
1 17 17 17 17 24 24 24 
2 24 24 24 
