
1 
1 1 
1 1 1 
1 1 1 13 
1 1 1 13 13 
1 1 1 13 13 13 
1 1 2 
1 1 2 13 
1 1 13 
1 1 13 13 
1 1 13 13 13 
1 1 13 13 13 13 
1 1 13 13 13 13 13 
1 1 14 
1 1 14 13 
1 1 20 
1 1 20 13 
1 1 20 13 13 
1 1 20 13 13 13 
1 1 25 
1 1 25 13 
1 1 25 13 13 
1 1 25 13 13 13 
1 1 25 13 13 13 13 
1 1 25 25 
1 1 25 25 13 
1 1 25 25 13 13 
1 1 25 25 13 13 13 
1 2 
1 2 13 
1 2 13 13 
1 2 13 13 13 
1 2 13 13 13 13 
1 2 13 13 13 13 13 
1 2 14 
1 2 14 13 
1 2 19 
1 2 19 13 
1 2 19 13 13 
1 2 19 13 13 13 
1 2 20 
1 2 20 13 
1 2 20 13 13 
1 2 20 13 13 13 
1 2 25 
1 2 25 13 
1 2 25 13 13 
1 2 25 13 13 13 
1 2 25 13 13 13 13 
1 2 25 25 
1 2 25 25 13 
1 2 25 25 13 13 
1 2 25 25 13 13 13 
1 2 25 25 13 13 13 13 
1 3 
1 3 13 
1 3 13 13 
1 3 13 13 13 
1 3 25 
1 3 25 13 
1 3 25 13 13 
1 6 
1 6 13 
1 6 13 13 
1 6 13 13 13 
1 7 
1 7 13 
1 7 13 13 
1 8 
1 8 13 
1 8 13 13 
1 8 13 13 13 
1 8 13 13 13 13 
1 8 25 
1 8 25 13 
1 9 
1 9 13 
1 9 13 13 
1 9 13 13 13 
1 12 
1 12 13 
1 12 13 13 
1 13 
1 13 13 
1 13 13 13 
1 13 13 13 13 
1 13 13 13 13 13 
1 13 13 13 13 13 13 
1 14 
1 14 13 
1 14 13 13 
1 14 13 13 13 
1 14 13 13 13 13 
1 15 
1 15 13 
1 15 13 13 
1 15 13 13 13 
1 15 13 13 13 13 
1 15 25 
1 15 25 13 
1 18 
1 18 13 
1 18 13 13 
1 18 13 13 13 
1 19 
1 19 13 
1 19 13 13 
1 19 13 13 13 
1 19 13 13 13 13 
1 20 
1 20 13 
1 20 13 13 
1 20 13 13 13 
1 20 13 13 13 13 
1 20 13 13 13 13 13 
1 20 19 
1 20 19 13 
1 20 19 13 13 
1 20 19 13 13 13 
1 20 20 
1 20 20 13 
1 20 20 13 13 
1 20 25 
1 20 25 13 
1 20 25 13 13 
1 20 25 13 13 13 
1 20 25 25 
1 20 25 25 13 
1 24 
1 24 13 
1 24 13 13 
1 24 13 13 13 
1 25 
1 25 1 
1 25 1 13 
1 25 1 13 13 
1 25 1 13 13 13 
1 25 1 13 13 13 13 
1 25 1 25 
1 25 1 25 13 
1 25 2 
1 25 2 13 
1 25 2 13 13 
1 25 2 13 13 13 
1 25 2 13 13 13 13 
1 25 2 25 
1 25 2 25 13 
1 25 2 25 13 13 
1 25 2 25 13 13 13 
1 25 2 25 13 13 13 13 
1 25 2 25 25 
1 25 2 25 25 13 
1 25 2 25 25 13 13 
1 25 8 
1 25 8 13 
1 25 8 13 13 
1 25 8 13 13 13 
1 25 13 
1 25 13 13 
1 25 13 13 13 
1 25 13 13 13 13 
1 25 13 13 13 13 13 
1 25 13 13 13 13 13 13 
1 25 14 
1 25 14 13 
1 25 14 13 13 
1 25 14 13 13 13 
1 25 19 
1 25 19 13 
1 25 19 13 13 
1 25 19 13 13 13 
1 25 19 13 13 13 13 
1 25 20 
1 25 20 13 
1 25 20 13 13 
1 25 20 13 13 13 
1 25 20 13 13 13 13 
1 25 25 
1 25 25 1 
1 25 25 1 13 
1 25 25 2 
1 25 25 2 13 
1 25 25 13 
1 25 25 13 13 
1 25 25 13 13 13 
1 25 25 13 13 13 13 
1 25 25 13 13 13 13 13 
1 25 25 19 
1 25 25 19 13 
1 25 25 19 13 13 
1 25 25 20 
1 25 25 20 13 
1 25 25 20 13 13 
1 25 25 25 
1 25 25 25 13 
1 25 25 25 13 13 
1 25 25 25 13 13 13 
1 25 25 25 13 13 13 13 
1 25 25 25 25 
1 25 25 25 25 13 
1 25 25 25 25 13 13 
2 
2 1 
2 1 1 
2 1 1 13 
2 1 1 13 13 
2 1 1 13 13 13 
2 1 13 
2 1 13 13 
2 1 13 13 13 
2 1 13 13 13 13 
2 1 25 
2 1 25 13 
2 1 25 13 13 
2 1 25 13 13 13 
2 1 25 25 
2 1 25 25 13 
2 2 
2 2 13 
2 2 13 13 
2 2 13 13 13 
2 2 13 13 13 13 
2 2 13 13 13 13 13 
2 2 14 
2 2 14 13 
2 2 14 13 13 
2 2 19 
2 2 19 13 
2 2 19 13 13 
2 2 19 13 13 13 
2 2 20 
2 2 20 13 
2 2 20 13 13 
2 2 20 13 13 13 
2 2 25 
2 2 25 13 
2 2 25 13 13 
2 2 25 13 13 13 
2 2 25 13 13 13 13 
2 2 25 25 
2 2 25 25 13 
2 2 25 25 13 13 
2 2 25 25 13 13 13 
2 3 
2 3 13 
2 3 13 13 
2 3 13 13 13 
2 8 
2 8 13 
2 8 13 13 
2 8 13 13 13 
2 8 13 13 13 13 
2 13 
2 13 13 
2 13 13 13 
2 13 13 13 13 
2 13 13 13 13 13 
2 13 13 13 13 13 13 
2 14 
2 14 13 
2 14 13 13 
2 14 13 13 13 
2 14 13 13 13 13 
2 14 25 
2 14 25 13 
2 14 25 13 13 
2 18 
2 18 13 
2 18 13 13 
2 19 
2 19 13 
2 19 13 13 
2 19 13 13 13 
2 19 13 13 13 13 
2 19 19 
2 19 19 13 
2 20 
2 20 13 
2 20 13 13 
2 20 13 13 13 
2 20 13 13 13 13 
2 20 19 
2 20 19 13 
2 20 19 13 13 
2 20 25 
2 20 25 13 
2 20 25 13 13 
2 20 25 13 13 13 
2 24 
2 24 13 
2 24 13 13 
2 24 13 13 13 
2 25 
2 25 1 
2 25 1 13 
2 25 2 
2 25 2 13 
2 25 2 13 13 
2 25 2 13 13 13 
2 25 2 13 13 13 13 
2 25 2 25 
2 25 2 25 13 
2 25 2 25 13 13 
2 25 2 25 13 13 13 
2 25 13 
2 25 13 13 
2 25 13 13 13 
2 25 13 13 13 13 
2 25 13 13 13 13 13 
2 25 14 
2 25 14 13 
2 25 14 13 13 
2 25 14 13 13 13 
2 25 19 
2 25 19 13 
2 25 19 13 13 
2 25 19 13 13 13 
2 25 19 13 13 13 13 
2 25 20 
2 25 20 13 
2 25 20 13 13 
2 25 20 13 13 13 
2 25 25 
2 25 25 13 
2 25 25 13 13 
2 25 25 13 13 13 
2 25 25 13 13 13 13 
2 25 25 13 13 13 13 13 
2 25 25 19 
2 25 25 19 13 
2 25 25 19 13 13 
2 25 25 25 
2 25 25 25 13 
2 25 25 25 13 13 
2 25 25 25 13 13 13 
2 25 25 25 13 13 13 13 
3 
3 13 
3 13 13 
3 13 13 13 
3 13 13 13 13 
3 13 13 13 13 13 
3 19 
3 19 13 
3 19 13 13 
3 19 13 13 13 
3 20 
3 20 13 
3 20 13 13 
3 20 13 13 13 
3 25 
3 25 13 
3 25 13 13 
3 25 13 13 13 
3 25 13 13 13 13 
3 25 25 
3 25 25 13 
3 25 25 13 13 
3 25 25 13 13 13 
4 
4 13 
4 13 13 
6 
6 1 
6 1 1 
6 1 1 13 
6 1 13 
6 1 13 13 
6 1 13 13 13 
6 1 13 13 13 13 
6 1 20 
6 1 20 13 
6 1 20 13 13 
6 1 20 13 13 13 
6 1 25 
6 1 25 13 
6 1 25 13 13 
6 1 25 13 13 13 
6 2 
6 2 13 
6 13 
6 13 13 
6 13 13 13 
6 13 13 13 13 
6 13 13 13 13 13 
6 15 
6 15 13 
6 15 13 13 
6 20 
6 20 13 
6 20 13 13 
6 20 13 13 13 
6 25 
6 25 13 
6 25 13 13 
6 25 13 13 13 
7 
7 1 
7 1 13 
7 1 13 13 
7 1 13 13 13 
7 2 
7 2 13 
7 2 13 13 
7 2 13 13 13 
7 13 
7 13 13 
7 13 13 13 
7 13 13 13 13 
7 19 
7 19 13 
7 19 13 13 
7 20 
7 20 13 
7 20 13 13 
7 25 
7 25 13 
7 25 13 13 
7 25 13 13 13 
7 25 25 
7 25 25 13 
7 25 25 13 13 
8 
8 1 
8 1 13 
8 1 13 13 
8 1 13 13 13 
8 2 
8 2 13 
8 2 13 13 
8 2 13 13 13 
8 2 13 13 13 13 
8 2 25 
8 2 25 13 
8 8 
8 8 13 
8 8 13 13 
8 13 
8 13 13 
8 13 13 13 
8 13 13 13 13 
8 13 13 13 13 13 
8 14 
8 14 13 
8 14 13 13 
8 14 13 13 13 
8 19 
8 19 13 
8 19 13 13 
8 19 13 13 13 
8 20 
8 20 13 
8 20 13 13 
8 20 13 13 13 
8 25 
8 25 13 
8 25 13 13 
8 25 13 13 13 
8 25 13 13 13 13 
8 25 13 13 13 13 13 
8 25 19 
8 25 19 13 
8 25 19 13 13 
8 25 25 
8 25 25 13 
8 25 25 13 13 
8 25 25 13 13 13 
8 25 25 13 13 13 13 
9 
9 13 
9 13 13 
9 13 13 13 
9 13 13 13 13 
9 25 
9 25 13 
9 25 13 13 
11 
11 1 
11 1 13 
11 13 
11 13 13 
11 13 13 13 
12 
12 1 
12 1 1 
12 1 1 13 
12 1 2 
12 1 2 13 
12 1 13 
12 1 13 13 
12 1 13 13 13 
12 1 20 
12 1 20 13 
12 1 20 13 13 
12 1 25 
12 1 25 13 
12 1 25 13 13 
12 2 
12 2 13 
12 2 13 13 
12 6 
12 6 1 
12 6 1 13 
12 6 1 13 13 
12 6 13 
12 6 13 13 
12 6 13 13 13 
12 13 
12 13 13 
12 13 13 13 
12 13 13 13 13 
12 13 13 13 13 13 
12 15 
12 15 13 
12 15 13 13 
12 20 
12 20 13 
12 20 13 13 
12 20 13 13 13 
12 25 
12 25 13 
12 25 13 13 
12 25 13 13 13 
13 
13 1 
13 1 1 
13 1 1 1 
13 1 1 1 13 
13 1 1 1 13 13 
13 1 1 1 13 13 13 
13 1 1 2 
13 1 1 2 13 
13 1 1 13 
13 1 1 13 13 
13 1 1 13 13 13 
13 1 1 13 13 13 13 
13 1 1 13 13 13 13 13 
13 1 1 20 
13 1 1 20 13 
13 1 1 20 13 13 
13 1 1 25 
13 1 1 25 13 
13 1 1 25 13 13 
13 1 1 25 13 13 13 
13 1 1 25 13 13 13 13 
13 1 1 25 25 
13 1 1 25 25 13 
13 1 1 25 25 13 13 
13 1 1 25 25 13 13 13 
13 1 2 
13 1 2 13 
13 1 2 13 13 
13 1 2 13 13 13 
13 1 2 13 13 13 13 
13 1 2 13 13 13 13 13 
13 1 2 19 
13 1 2 19 13 
13 1 2 19 13 13 
13 1 2 19 13 13 13 
13 1 2 20 
13 1 2 20 13 
13 1 2 20 13 13 
13 1 2 20 13 13 13 
13 1 2 25 
13 1 2 25 13 
13 1 2 25 13 13 
13 1 2 25 13 13 13 
13 1 2 25 13 13 13 13 
13 1 2 25 25 
13 1 2 25 25 13 
13 1 2 25 25 13 13 
13 1 2 25 25 13 13 13 
13 1 3 
13 1 3 13 
13 1 3 13 13 
13 1 3 13 13 13 
13 1 3 25 
13 1 3 25 13 
13 1 3 25 13 13 
13 1 6 
13 1 6 13 
13 1 6 13 13 
13 1 6 13 13 13 
13 1 7 
13 1 7 13 
13 1 8 
13 1 8 13 
13 1 8 13 13 
13 1 8 13 13 13 
13 1 8 13 13 13 13 
13 1 9 
13 1 9 13 
13 1 9 13 13 
13 1 9 13 13 13 
13 1 12 
13 1 12 13 
13 1 13 
13 1 13 13 
13 1 13 13 13 
13 1 13 13 13 13 
13 1 13 13 13 13 13 
13 1 13 13 13 13 13 13 
13 1 14 
13 1 14 13 
13 1 14 13 13 
13 1 14 13 13 13 
13 1 14 13 13 13 13 
13 1 15 
13 1 15 13 
13 1 15 13 13 
13 1 15 13 13 13 
13 1 15 13 13 13 13 
13 1 15 25 
13 1 15 25 13 
13 1 18 
13 1 18 13 
13 1 18 13 13 
13 1 18 13 13 13 
13 1 19 
13 1 19 13 
13 1 19 13 13 
13 1 19 13 13 13 
13 1 19 13 13 13 13 
13 1 20 
13 1 20 13 
13 1 20 13 13 
13 1 20 13 13 13 
13 1 20 13 13 13 13 
13 1 20 13 13 13 13 13 
13 1 20 19 
13 1 20 19 13 
13 1 20 19 13 13 
13 1 20 20 
13 1 20 20 13 
13 1 20 25 
13 1 20 25 13 
13 1 20 25 13 13 
13 1 20 25 13 13 13 
13 1 24 
13 1 24 13 
13 1 24 13 13 
13 1 24 13 13 13 
13 1 25 
13 1 25 1 
13 1 25 1 13 
13 1 25 1 13 13 
13 1 25 1 13 13 13 
13 1 25 1 13 13 13 13 
13 1 25 1 25 
13 1 25 1 25 13 
13 1 25 2 
13 1 25 2 13 
13 1 25 2 13 13 
13 1 25 2 13 13 13 
13 1 25 2 13 13 13 13 
13 1 25 2 25 
13 1 25 2 25 13 
13 1 25 2 25 13 13 
13 1 25 2 25 13 13 13 
13 1 25 2 25 25 
13 1 25 2 25 25 13 
13 1 25 2 25 25 13 13 
13 1 25 8 
13 1 25 8 13 
13 1 25 8 13 13 
13 1 25 8 13 13 13 
13 1 25 13 
13 1 25 13 13 
13 1 25 13 13 13 
13 1 25 13 13 13 13 
13 1 25 13 13 13 13 13 
13 1 25 14 
13 1 25 14 13 
13 1 25 14 13 13 
13 1 25 14 13 13 13 
13 1 25 19 
13 1 25 19 13 
13 1 25 19 13 13 
13 1 25 19 13 13 13 
13 1 25 19 13 13 13 13 
13 1 25 20 
13 1 25 20 13 
13 1 25 20 13 13 
13 1 25 20 13 13 13 
13 1 25 20 13 13 13 13 
13 1 25 25 
13 1 25 25 13 
13 1 25 25 13 13 
13 1 25 25 13 13 13 
13 1 25 25 13 13 13 13 
13 1 25 25 13 13 13 13 13 
13 1 25 25 19 
13 1 25 25 19 13 
13 1 25 25 19 13 13 
13 1 25 25 20 
13 1 25 25 20 13 
13 1 25 25 25 
13 1 25 25 25 13 
13 1 25 25 25 13 13 
13 1 25 25 25 13 13 13 
13 1 25 25 25 13 13 13 13 
13 1 25 25 25 25 
13 1 25 25 25 25 13 
13 2 
13 2 1 
13 2 1 1 
13 2 1 1 13 
13 2 1 1 13 13 
13 2 1 1 13 13 13 
13 2 1 13 
13 2 1 13 13 
13 2 1 13 13 13 
13 2 1 13 13 13 13 
13 2 1 25 
13 2 1 25 13 
13 2 1 25 13 13 
13 2 1 25 13 13 13 
13 2 2 
13 2 2 13 
13 2 2 13 13 
13 2 2 13 13 13 
13 2 2 13 13 13 13 
13 2 2 14 
13 2 2 14 13 
13 2 2 14 13 13 
13 2 2 19 
13 2 2 19 13 
13 2 2 19 13 13 
13 2 2 19 13 13 13 
13 2 2 20 
13 2 2 20 13 
13 2 2 20 13 13 
13 2 2 20 13 13 13 
13 2 2 25 
13 2 2 25 13 
13 2 2 25 13 13 
13 2 2 25 13 13 13 
13 2 2 25 13 13 13 13 
13 2 2 25 25 
13 2 2 25 25 13 
13 2 2 25 25 13 13 
13 2 2 25 25 13 13 13 
13 2 3 
13 2 3 13 
13 2 3 13 13 
13 2 8 
13 2 8 13 
13 2 8 13 13 
13 2 8 13 13 13 
13 2 8 13 13 13 13 
13 2 13 
13 2 13 13 
13 2 13 13 13 
13 2 13 13 13 13 
13 2 13 13 13 13 13 
13 2 13 13 13 13 13 13 
13 2 14 
13 2 14 13 
13 2 14 13 13 
13 2 14 13 13 13 
13 2 14 13 13 13 13 
13 2 18 
13 2 18 13 
13 2 18 13 13 
13 2 19 
13 2 19 13 
13 2 19 13 13 
13 2 19 13 13 13 
13 2 19 13 13 13 13 
13 2 20 
13 2 20 13 
13 2 20 13 13 
13 2 20 13 13 13 
13 2 20 13 13 13 13 
13 2 20 19 
13 2 20 19 13 
13 2 20 25 
13 2 20 25 13 
13 2 20 25 13 13 
13 2 24 
13 2 24 13 
13 2 24 13 13 
13 2 24 13 13 13 
13 2 25 
13 2 25 2 
13 2 25 2 13 
13 2 25 2 13 13 
13 2 25 2 13 13 13 
13 2 25 2 13 13 13 13 
13 2 25 2 25 
13 2 25 2 25 13 
13 2 25 2 25 13 13 
13 2 25 2 25 13 13 13 
13 2 25 13 
13 2 25 13 13 
13 2 25 13 13 13 
13 2 25 13 13 13 13 
13 2 25 13 13 13 13 13 
13 2 25 14 
13 2 25 14 13 
13 2 25 14 13 13 
13 2 25 14 13 13 13 
13 2 25 19 
13 2 25 19 13 
13 2 25 19 13 13 
13 2 25 19 13 13 13 
13 2 25 20 
13 2 25 20 13 
13 2 25 20 13 13 
13 2 25 20 13 13 13 
13 2 25 25 
13 2 25 25 13 
13 2 25 25 13 13 
13 2 25 25 13 13 13 
13 2 25 25 13 13 13 13 
13 2 25 25 19 
13 2 25 25 19 13 
13 2 25 25 19 13 13 
13 2 25 25 25 
13 2 25 25 25 13 
13 2 25 25 25 13 13 
13 2 25 25 25 13 13 13 
13 3 
13 3 13 
13 3 13 13 
13 3 13 13 13 
13 3 13 13 13 13 
13 3 13 13 13 13 13 
13 3 19 
13 3 19 13 
13 3 19 13 13 
13 3 19 13 13 13 
13 3 20 
13 3 20 13 
13 3 20 13 13 
13 3 20 13 13 13 
13 3 25 
13 3 25 13 
13 3 25 13 13 
13 3 25 13 13 13 
13 3 25 13 13 13 13 
13 3 25 25 
13 3 25 25 13 
13 3 25 25 13 13 
13 3 25 25 13 13 13 
13 6 
13 6 1 
13 6 1 1 
13 6 1 1 13 
13 6 1 13 
13 6 1 13 13 
13 6 1 13 13 13 
13 6 1 13 13 13 13 
13 6 1 20 
13 6 1 20 13 
13 6 1 20 13 13 
13 6 1 20 13 13 13 
13 6 1 25 
13 6 1 25 13 
13 6 1 25 13 13 
13 6 1 25 13 13 13 
13 6 2 
13 6 2 13 
13 6 13 
13 6 13 13 
13 6 13 13 13 
13 6 13 13 13 13 
13 6 13 13 13 13 13 
13 6 15 
13 6 15 13 
13 6 15 13 13 
13 6 20 
13 6 20 13 
13 6 20 13 13 
13 6 20 13 13 13 
13 6 25 
13 6 25 13 
13 6 25 13 13 
13 6 25 13 13 13 
13 7 
13 7 1 
13 7 1 13 
13 7 1 13 13 
13 7 2 
13 7 2 13 
13 7 2 13 13 
13 7 2 13 13 13 
13 7 13 
13 7 13 13 
13 7 13 13 13 
13 7 13 13 13 13 
13 7 25 
13 7 25 13 
13 7 25 13 13 
13 7 25 13 13 13 
13 8 
13 8 1 
13 8 1 13 
13 8 1 13 13 
13 8 1 13 13 13 
13 8 2 
13 8 2 13 
13 8 2 13 13 
13 8 2 13 13 13 
13 8 13 
13 8 13 13 
13 8 13 13 13 
13 8 13 13 13 13 
13 8 13 13 13 13 13 
13 8 14 
13 8 14 13 
13 8 14 13 13 
13 8 19 
13 8 19 13 
13 8 19 13 13 
13 8 19 13 13 13 
13 8 20 
13 8 20 13 
13 8 20 13 13 
13 8 20 13 13 13 
13 8 25 
13 8 25 13 
13 8 25 13 13 
13 8 25 13 13 13 
13 8 25 13 13 13 13 
13 8 25 25 
13 8 25 25 13 
13 8 25 25 13 13 
13 8 25 25 13 13 13 
13 8 25 25 13 13 13 13 
13 9 
13 9 13 
13 9 13 13 
13 9 13 13 13 
13 9 13 13 13 13 
13 9 25 
13 9 25 13 
13 9 25 13 13 
13 11 
13 11 13 
13 11 13 13 
13 11 13 13 13 
13 12 
13 12 1 
13 12 1 13 
13 12 1 13 13 
13 12 1 13 13 13 
13 12 1 20 
13 12 1 20 13 
13 12 1 20 13 13 
13 12 1 25 
13 12 1 25 13 
13 12 1 25 13 13 
13 12 2 
13 12 2 13 
13 12 2 13 13 
13 12 6 
13 12 6 1 
13 12 6 1 13 
13 12 6 1 13 13 
13 12 6 13 
13 12 6 13 13 
13 12 6 13 13 13 
13 12 13 
13 12 13 13 
13 12 13 13 13 
13 12 13 13 13 13 
13 12 15 
13 12 15 13 
13 12 20 
13 12 20 13 
13 12 20 13 13 
13 12 20 13 13 13 
13 12 25 
13 12 25 13 
13 12 25 13 13 
13 12 25 13 13 13 
13 13 
13 13 1 
13 13 1 1 
13 13 1 1 13 
13 13 1 1 13 13 
13 13 1 13 
13 13 1 13 13 
13 13 1 13 13 13 
13 13 1 13 13 13 13 
13 13 1 25 
13 13 1 25 13 
13 13 2 
13 13 2 13 
13 13 2 13 13 
13 13 2 13 13 13 
13 13 2 25 
13 13 2 25 13 
13 13 2 25 13 13 
13 13 6 
13 13 6 13 
13 13 6 13 13 
13 13 8 
13 13 8 13 
13 13 8 13 13 
13 13 13 
13 13 13 13 
13 13 13 13 13 
13 13 13 13 13 13 
13 13 13 13 13 13 13 
13 13 13 13 13 13 13 13 
13 13 13 13 13 13 13 13 13 
13 13 14 
13 13 14 13 
13 13 14 13 13 
13 13 14 13 13 13 
13 13 19 
13 13 19 13 
13 13 19 13 13 
13 13 19 13 13 13 
13 13 20 
13 13 20 13 
13 13 20 13 13 
13 13 20 13 13 13 
13 13 25 
13 13 25 13 
13 13 25 13 13 
13 13 25 13 13 13 
13 13 25 13 13 13 13 
13 13 25 25 
13 13 25 25 13 
13 13 25 25 13 13 
13 13 25 25 13 13 13 
13 14 
13 14 1 
13 14 1 13 
13 14 1 13 13 
13 14 13 
13 14 13 13 
13 14 13 13 13 
13 14 13 13 13 13 
13 14 13 13 13 13 13 
13 14 14 
13 14 14 13 
13 14 14 13 13 
13 14 19 
13 14 19 13 
13 14 20 
13 14 20 13 
13 14 20 13 13 
13 14 25 
13 14 25 13 
13 14 25 13 13 
13 14 25 13 13 13 
13 14 25 13 13 13 13 
13 14 25 25 
13 14 25 25 13 
13 14 25 25 13 13 
13 14 25 25 13 13 13 
13 15 
13 15 1 
13 15 1 13 
13 15 1 13 13 
13 15 13 
13 15 13 13 
13 15 13 13 13 
13 15 13 13 13 13 
13 15 13 13 13 13 13 
13 15 20 
13 15 20 13 
13 15 20 13 13 
13 15 25 
13 15 25 13 
13 15 25 13 13 
13 15 25 13 13 13 
13 15 25 25 
13 15 25 25 13 
13 17 
13 17 13 
13 17 13 13 
13 18 
13 18 13 
13 18 13 13 
13 18 13 13 13 
13 18 13 13 13 13 
13 19 
13 19 13 
13 19 13 13 
13 19 13 13 13 
13 19 13 13 13 13 
13 19 13 13 13 13 13 
13 19 19 
13 19 19 13 
13 19 19 13 13 
13 19 19 13 13 13 
13 19 25 
13 19 25 13 
13 19 25 13 13 
13 20 
13 20 1 
13 20 1 13 
13 20 1 13 13 
13 20 1 13 13 13 
13 20 2 
13 20 2 13 
13 20 2 13 13 
13 20 2 13 13 13 
13 20 13 
13 20 13 13 
13 20 13 13 13 
13 20 13 13 13 13 
13 20 13 13 13 13 13 
13 20 14 
13 20 14 13 
13 20 14 13 13 
13 20 19 
13 20 19 13 
13 20 19 13 13 
13 20 19 13 13 13 
13 20 20 
13 20 20 13 
13 20 20 13 13 
13 20 20 13 13 13 
13 20 25 
13 20 25 13 
13 20 25 13 13 
13 20 25 13 13 13 
13 20 25 13 13 13 13 
13 20 25 13 13 13 13 13 
13 20 25 19 
13 20 25 19 13 
13 20 25 19 13 13 
13 20 25 25 
13 20 25 25 13 
13 20 25 25 13 13 
13 20 25 25 13 13 13 
13 24 
13 24 13 
13 24 13 13 
13 24 13 13 13 
13 24 13 13 13 13 
13 24 13 13 13 13 13 
13 24 25 
13 24 25 13 
13 24 25 13 13 
13 24 25 13 13 13 
13 25 
13 25 1 
13 25 1 1 
13 25 1 1 13 
13 25 1 1 13 13 
13 25 1 1 13 13 13 
13 25 1 13 
13 25 1 13 13 
13 25 1 13 13 13 
13 25 1 13 13 13 13 
13 25 1 13 13 13 13 13 
13 25 1 25 
13 25 1 25 13 
13 25 1 25 13 13 
13 25 1 25 13 13 13 
13 25 1 25 25 
13 25 1 25 25 13 
13 25 1 25 25 13 13 
13 25 2 
13 25 2 13 
13 25 2 13 13 
13 25 2 13 13 13 
13 25 2 13 13 13 13 
13 25 2 13 13 13 13 13 
13 25 2 14 
13 25 2 14 13 
13 25 2 14 13 13 
13 25 2 19 
13 25 2 19 13 
13 25 2 19 13 13 
13 25 2 19 13 13 13 
13 25 2 20 
13 25 2 20 13 
13 25 2 20 13 13 
13 25 2 20 13 13 13 
13 25 2 25 
13 25 2 25 13 
13 25 2 25 13 13 
13 25 2 25 13 13 13 
13 25 2 25 13 13 13 13 
13 25 2 25 25 
13 25 2 25 25 13 
13 25 2 25 25 13 13 
13 25 2 25 25 13 13 13 
13 25 3 
13 25 3 13 
13 25 3 13 13 
13 25 6 
13 25 6 13 
13 25 6 13 13 
13 25 8 
13 25 8 13 
13 25 8 13 13 
13 25 8 13 13 13 
13 25 8 13 13 13 13 
13 25 13 
13 25 13 13 
13 25 13 13 13 
13 25 13 13 13 13 
13 25 13 13 13 13 13 
13 25 13 13 13 13 13 13 
13 25 14 
13 25 14 13 
13 25 14 13 13 
13 25 14 13 13 13 
13 25 14 13 13 13 13 
13 25 18 
13 25 18 13 
13 25 18 13 13 
13 25 19 
13 25 19 13 
13 25 19 13 13 
13 25 19 13 13 13 
13 25 19 13 13 13 13 
13 25 20 
13 25 20 13 
13 25 20 13 13 
13 25 20 13 13 13 
13 25 20 13 13 13 13 
13 25 24 
13 25 24 13 
13 25 24 13 13 
13 25 25 
13 25 25 1 
13 25 25 1 13 
13 25 25 1 13 13 
13 25 25 2 
13 25 25 2 13 
13 25 25 2 13 13 
13 25 25 2 13 13 13 
13 25 25 2 25 
13 25 25 2 25 13 
13 25 25 2 25 13 13 
13 25 25 13 
13 25 25 13 13 
13 25 25 13 13 13 
13 25 25 13 13 13 13 
13 25 25 13 13 13 13 13 
13 25 25 14 
13 25 25 14 13 
13 25 25 19 
13 25 25 19 13 
13 25 25 19 13 13 
13 25 25 19 13 13 13 
13 25 25 20 
13 25 25 20 13 
13 25 25 20 13 13 
13 25 25 20 13 13 13 
13 25 25 20 13 13 13 13 
13 25 25 25 
13 25 25 25 13 
13 25 25 25 13 13 
13 25 25 25 13 13 13 
13 25 25 25 13 13 13 13 
13 25 25 25 25 
13 25 25 25 25 13 
13 25 25 25 25 13 13 
13 25 25 25 25 13 13 13 
14 
14 1 
14 1 13 
14 1 13 13 
14 1 13 13 13 
14 13 
14 13 13 
14 13 13 13 
14 13 13 13 13 
14 13 13 13 13 13 
14 14 
14 14 13 
14 14 13 13 
14 14 13 13 13 
14 19 
14 19 13 
14 19 13 13 
14 20 
14 20 13 
14 20 13 13 
14 20 13 13 13 
14 25 
14 25 13 
14 25 13 13 
14 25 13 13 13 
14 25 13 13 13 13 
14 25 25 
14 25 25 13 
14 25 25 13 13 
14 25 25 13 13 13 
15 
15 1 
15 1 13 
15 1 13 13 
15 1 13 13 13 
15 13 
15 13 13 
15 13 13 13 
15 13 13 13 13 
15 13 13 13 13 13 
15 20 
15 20 13 
15 20 13 13 
15 20 13 13 13 
15 25 
15 25 13 
15 25 13 13 
15 25 13 13 13 
15 25 25 
15 25 25 13 
17 
17 13 
17 13 13 
18 
18 13 
18 13 13 
18 13 13 13 
18 13 13 13 13 
19 
19 2 
19 2 13 
19 13 
19 13 13 
19 13 13 13 
19 13 13 13 13 
19 13 13 13 13 13 
19 19 
19 19 13 
19 19 13 13 
19 19 13 13 13 
19 25 
19 25 13 
19 25 13 13 
19 25 13 13 13 
20 
20 1 
20 1 13 
20 1 13 13 
20 1 13 13 13 
20 1 13 13 13 13 
20 2 
20 2 13 
20 2 13 13 
20 2 13 13 13 
20 13 
20 13 13 
20 13 13 13 
20 13 13 13 13 
20 13 13 13 13 13 
20 13 13 13 13 13 13 
20 14 
20 14 13 
20 14 13 13 
20 14 13 13 13 
20 19 
20 19 13 
20 19 13 13 
20 19 13 13 13 
20 20 
20 20 13 
20 20 13 13 
20 20 13 13 13 
20 25 
20 25 13 
20 25 13 13 
20 25 13 13 13 
20 25 13 13 13 13 
20 25 13 13 13 13 13 
20 25 19 
20 25 19 13 
20 25 19 13 13 
20 25 25 
20 25 25 13 
20 25 25 13 13 
20 25 25 13 13 13 
20 25 25 13 13 13 13 
24 
24 13 
24 13 13 
24 13 13 13 
24 13 13 13 13 
24 13 13 13 13 13 
24 25 
24 25 13 
24 25 13 13 
24 25 13 13 13 
25 
25 1 
25 1 1 
25 1 1 13 
25 1 1 13 13 
25 1 1 13 13 13 
25 1 13 
25 1 13 13 
25 1 13 13 13 
25 1 13 13 13 13 
25 1 13 13 13 13 13 
25 1 25 
25 1 25 13 
25 1 25 13 13 
25 1 25 13 13 13 
25 1 25 25 
25 1 25 25 13 
25 1 25 25 13 13 
25 2 
25 2 13 
25 2 13 13 
25 2 13 13 13 
25 2 13 13 13 13 
25 2 13 13 13 13 13 
25 2 14 
25 2 14 13 
25 2 14 13 13 
25 2 19 
25 2 19 13 
25 2 19 13 13 
25 2 19 13 13 13 
25 2 20 
25 2 20 13 
25 2 20 13 13 
25 2 20 13 13 13 
25 2 25 
25 2 25 13 
25 2 25 13 13 
25 2 25 13 13 13 
25 2 25 13 13 13 13 
25 2 25 25 
25 2 25 25 13 
25 2 25 25 13 13 
25 2 25 25 13 13 13 
25 2 25 25 13 13 13 13 
25 3 
25 3 13 
25 3 13 13 
25 6 
25 6 13 
25 6 13 13 
25 8 
25 8 13 
25 8 13 13 
25 8 13 13 13 
25 8 13 13 13 13 
25 13 
25 13 13 
25 13 13 13 
25 13 13 13 13 
25 13 13 13 13 13 
25 13 13 13 13 13 13 
25 14 
25 14 13 
25 14 13 13 
25 14 13 13 13 
25 14 13 13 13 13 
25 18 
25 18 13 
25 18 13 13 
25 19 
25 19 13 
25 19 13 13 
25 19 13 13 13 
25 19 13 13 13 13 
25 19 13 13 13 13 13 
25 20 
25 20 13 
25 20 13 13 
25 20 13 13 13 
25 20 13 13 13 13 
25 20 13 13 13 13 13 
25 20 25 
25 24 
25 24 13 
25 24 13 13 
25 25 
25 25 1 
25 25 1 13 
25 25 1 13 13 
25 25 2 
25 25 2 13 
25 25 2 13 13 
25 25 2 13 13 13 
25 25 2 25 
25 25 2 25 13 
25 25 2 25 13 13 
25 25 2 25 25 
25 25 13 
25 25 13 13 
25 25 13 13 13 
25 25 13 13 13 13 
25 25 13 13 13 13 13 
25 25 14 
25 25 14 13 
25 25 14 13 13 
25 25 19 
25 25 19 13 
25 25 19 13 13 
25 25 19 13 13 13 
25 25 20 
25 25 20 13 
25 25 20 13 13 
25 25 20 13 13 13 
25 25 20 13 13 13 13 
25 25 25 
25 25 25 13 
25 25 25 13 13 
25 25 25 13 13 13 
25 25 25 13 13 13 13 
25 25 25 19 
25 25 25 19 13 
25 25 25 25 
25 25 25 25 13 
25 25 25 25 13 13 
25 25 25 25 13 13 13 
Closed pattern:
