
1 
1 1 
1 1 1 
1 1 1 13 
1 1 1 13 13 
1 1 1 13 13 13 
1 1 2 
1 1 2 13 
1 1 2 13 13 
1 1 2 25 
1 1 2 25 13 
1 1 6 
1 1 6 13 
1 1 13 
1 1 13 13 
1 1 13 13 13 
1 1 13 13 13 13 
1 1 19 
1 1 19 13 
1 1 19 13 13 
1 1 20 
1 1 20 13 
1 1 20 13 13 
1 1 25 
1 1 25 13 
1 1 25 13 13 
1 1 25 13 13 13 
1 1 25 19 
1 1 25 19 13 
1 1 25 25 
1 1 25 25 13 
1 1 25 25 13 13 
1 1 25 25 25 
1 1 25 25 25 13 
1 1 25 25 25 13 13 
1 2 
1 2 1 
1 2 1 13 
1 2 1 13 13 
1 2 1 13 13 13 
1 2 2 
1 2 2 13 
1 2 2 13 13 
1 2 2 13 13 13 
1 2 13 
1 2 13 13 
1 2 13 13 13 
1 2 13 13 13 13 
1 2 14 
1 2 14 13 
1 2 14 13 13 
1 2 14 13 13 13 
1 2 19 
1 2 19 13 
1 2 19 13 13 
1 2 19 13 13 13 
1 2 19 19 
1 2 19 19 13 
1 2 19 19 13 13 
1 2 20 
1 2 20 13 
1 2 20 13 13 
1 2 20 13 13 13 
1 2 20 19 
1 2 20 19 13 
1 2 20 19 13 13 
1 2 24 
1 2 24 13 
1 2 24 13 13 
1 2 25 
1 2 25 13 
1 2 25 13 13 
1 2 25 13 13 13 
1 2 25 13 13 13 13 
1 2 25 19 
1 2 25 19 13 
1 2 25 19 13 13 
1 2 25 19 13 13 13 
1 2 25 25 
1 2 25 25 13 
1 2 25 25 13 13 
1 2 25 25 13 13 13 
1 2 25 25 19 
1 2 25 25 19 13 
1 2 25 25 25 
1 2 25 25 25 13 
1 2 25 25 25 13 13 
1 3 
1 3 13 
1 3 13 13 
1 3 13 13 13 
1 3 15 
1 3 15 13 
1 3 15 13 13 
1 3 19 
1 3 19 13 
1 3 19 13 13 
1 3 19 13 13 13 
1 3 20 
1 3 20 13 
1 3 20 13 13 
1 3 20 13 13 13 
1 3 20 19 
1 3 20 19 13 
1 3 20 19 13 13 
1 3 20 19 13 13 13 
1 3 20 25 
1 3 20 25 13 
1 3 20 25 13 13 
1 3 25 
1 3 25 13 
1 3 25 13 13 
1 3 25 13 13 13 
1 3 25 19 
1 3 25 19 13 
1 3 25 19 13 13 
1 3 25 25 
1 3 25 25 13 
1 3 25 25 13 13 
1 3 25 25 13 13 13 
1 6 
1 6 13 
1 6 13 13 
1 6 13 13 13 
1 7 
1 7 13 
1 7 13 13 
1 7 13 13 13 
1 8 
1 8 2 
1 8 2 13 
1 8 2 13 13 
1 8 2 13 13 13 
1 8 13 
1 8 13 13 
1 8 13 13 13 
1 8 13 13 13 13 
1 8 19 
1 8 19 13 
1 8 19 13 13 
1 8 25 
1 8 25 13 
1 8 25 13 13 
1 8 25 13 13 13 
1 9 
1 9 1 
1 9 1 13 
1 9 1 13 13 
1 9 13 
1 9 13 13 
1 9 13 13 13 
1 9 13 13 13 13 
1 9 25 
1 9 25 1 
1 9 25 1 13 
1 9 25 13 
1 9 25 13 13 
1 9 25 13 13 13 
1 10 
1 10 13 
1 10 13 13 
1 10 13 13 13 
1 12 
1 12 13 
1 12 13 13 
1 13 
1 13 13 
1 13 13 13 
1 13 13 13 13 
1 13 13 13 13 13 
1 13 13 13 13 13 13 
1 14 
1 14 13 
1 14 13 13 
1 14 13 13 13 
1 14 25 
1 14 25 13 
1 14 25 13 13 
1 15 
1 15 13 
1 15 13 13 
1 15 13 13 13 
1 15 19 
1 15 19 13 
1 15 19 13 13 
1 15 20 
1 15 20 13 
1 15 20 13 13 
1 15 20 13 13 13 
1 15 25 
1 15 25 13 
1 15 25 13 13 
1 15 25 25 
1 15 25 25 13 
1 18 
1 18 13 
1 18 13 13 
1 18 13 13 13 
1 19 
1 19 2 
1 19 2 13 
1 19 2 13 13 
1 19 13 
1 19 13 13 
1 19 13 13 13 
1 19 13 13 13 13 
1 19 19 
1 19 19 13 
1 19 19 13 13 
1 19 19 13 13 13 
1 20 
1 20 2 
1 20 2 13 
1 20 2 13 13 
1 20 2 13 13 13 
1 20 13 
1 20 13 13 
1 20 13 13 13 
1 20 13 13 13 13 
1 20 13 13 13 13 13 
1 20 14 
1 20 14 13 
1 20 14 13 13 
1 20 19 
1 20 19 13 
1 20 19 13 13 
1 20 19 13 13 13 
1 20 19 19 
1 20 19 19 13 
1 20 19 19 13 13 
1 20 20 
1 20 20 13 
1 20 20 13 13 
1 20 20 13 13 13 
1 20 25 
1 20 25 2 
1 20 25 2 13 
1 20 25 2 13 13 
1 20 25 13 
1 20 25 13 13 
1 20 25 13 13 13 
1 20 25 13 13 13 13 
1 20 25 19 
1 20 25 19 13 
1 20 25 19 13 13 
1 20 25 19 13 13 13 
1 20 25 25 
1 20 25 25 13 
1 20 25 25 13 13 
1 20 25 25 13 13 13 
1 24 
1 24 1 
1 24 1 13 
1 24 1 13 13 
1 24 2 
1 24 2 13 
1 24 2 13 13 
1 24 13 
1 24 13 13 
1 24 13 13 13 
1 24 13 13 13 13 
1 24 19 
1 24 19 13 
1 24 19 13 13 
1 25 
1 25 1 
1 25 1 1 
1 25 1 1 13 
1 25 1 1 13 13 
1 25 1 13 
1 25 1 13 13 
1 25 1 13 13 13 
1 25 1 25 
1 25 1 25 13 
1 25 1 25 25 
1 25 1 25 25 13 
1 25 1 25 25 25 
1 25 1 25 25 25 13 
1 25 2 
1 25 2 13 
1 25 2 13 13 
1 25 2 13 13 13 
1 25 2 13 13 13 13 
1 25 2 19 
1 25 2 19 13 
1 25 2 19 13 13 
1 25 2 19 13 13 13 
1 25 2 20 
1 25 2 20 13 
1 25 2 20 13 13 
1 25 2 20 13 13 13 
1 25 2 25 
1 25 2 25 13 
1 25 2 25 13 13 
1 25 2 25 13 13 13 
1 25 2 25 25 
1 25 2 25 25 13 
1 25 2 25 25 13 13 
1 25 2 25 25 13 13 13 
1 25 3 
1 25 3 13 
1 25 3 13 13 
1 25 6 
1 25 6 13 
1 25 6 13 13 
1 25 8 
1 25 8 13 
1 25 8 13 13 
1 25 8 13 13 13 
1 25 13 
1 25 13 13 
1 25 13 13 13 
1 25 13 13 13 13 
1 25 13 13 13 13 13 
1 25 14 
1 25 14 13 
1 25 14 13 13 
1 25 14 13 13 13 
1 25 18 
1 25 18 13 
1 25 18 13 13 
1 25 18 13 13 13 
1 25 19 
1 25 19 13 
1 25 19 13 13 
1 25 19 13 13 13 
1 25 19 13 13 13 13 
1 25 20 
1 25 20 13 
1 25 20 13 13 
1 25 20 13 13 13 
1 25 20 13 13 13 13 
1 25 24 
1 25 24 13 
1 25 24 13 13 
1 25 24 13 13 13 
1 25 25 
1 25 25 1 
1 25 25 1 13 
1 25 25 1 13 13 
1 25 25 1 25 
1 25 25 1 25 13 
1 25 25 1 25 25 
1 25 25 1 25 25 13 
1 25 25 1 25 25 25 
1 25 25 1 25 25 25 13 
1 25 25 2 
1 25 25 2 13 
1 25 25 13 
1 25 25 13 13 
1 25 25 13 13 13 
1 25 25 13 13 13 13 
1 25 25 13 13 13 13 13 
1 25 25 19 
1 25 25 19 13 
1 25 25 19 13 13 
1 25 25 19 13 13 13 
1 25 25 20 
1 25 25 20 13 
1 25 25 25 
1 25 25 25 13 
1 25 25 25 13 13 
1 25 25 25 13 13 13 
1 25 25 25 13 13 13 13 
1 25 25 25 19 
1 25 25 25 19 13 
1 25 25 25 25 
1 25 25 25 25 13 
1 25 25 25 25 13 13 
1 25 25 25 25 25 
1 25 25 25 25 25 13 
2 
2 1 
2 1 1 
2 1 1 13 
2 1 1 13 13 
2 1 1 13 13 13 
2 1 2 
2 1 2 13 
2 1 2 13 13 
2 1 13 
2 1 13 13 
2 1 13 13 13 
2 1 13 13 13 13 
2 1 19 
2 1 19 13 
2 1 19 13 13 
2 1 25 
2 1 25 13 
2 1 25 13 13 
2 1 25 13 13 13 
2 1 25 25 
2 1 25 25 13 
2 1 25 25 13 13 
2 2 
2 2 13 
2 2 13 13 
2 2 13 13 13 
2 2 13 13 13 13 
2 2 19 
2 2 19 13 
2 2 19 13 13 
2 2 19 13 13 13 
2 2 25 
2 2 25 13 
2 2 25 13 13 
2 2 25 13 13 13 
2 2 25 25 
2 2 25 25 13 
2 2 25 25 13 13 
2 3 
2 3 13 
2 3 13 13 
2 3 13 13 13 
2 6 
2 6 13 
2 6 13 13 
2 8 
2 8 13 
2 8 13 13 
2 8 13 13 13 
2 8 13 13 13 13 
2 9 
2 9 13 
2 9 13 13 
2 13 
2 13 13 
2 13 13 13 
2 13 13 13 13 
2 13 13 13 13 13 
2 14 
2 14 13 
2 14 13 13 
2 14 13 13 13 
2 18 
2 18 13 
2 18 13 13 
2 19 
2 19 13 
2 19 13 13 
2 19 13 13 13 
2 19 13 13 13 13 
2 19 19 
2 19 19 13 
2 19 19 13 13 
2 19 19 13 13 13 
2 20 
2 20 13 
2 20 13 13 
2 20 13 13 13 
2 20 13 13 13 13 
2 20 19 
2 20 19 13 
2 20 19 13 13 
2 20 19 13 13 13 
2 20 25 
2 20 25 13 
2 20 25 13 13 
2 24 
2 24 13 
2 24 13 13 
2 24 13 13 13 
2 25 
2 25 2 
2 25 2 13 
2 25 2 13 13 
2 25 2 13 13 13 
2 25 13 
2 25 13 13 
2 25 13 13 13 
2 25 13 13 13 13 
2 25 19 
2 25 19 13 
2 25 19 13 13 
2 25 19 13 13 13 
2 25 20 
2 25 20 13 
2 25 20 13 13 
2 25 25 
2 25 25 13 
2 25 25 13 13 
2 25 25 13 13 13 
2 25 25 13 13 13 13 
2 25 25 19 
2 25 25 19 13 
2 25 25 19 13 13 
2 25 25 25 
2 25 25 25 13 
2 25 25 25 13 13 
2 25 25 25 13 13 13 
3 
3 2 
3 2 13 
3 2 13 13 
3 13 
3 13 13 
3 13 13 13 
3 13 13 13 13 
3 15 
3 15 13 
3 15 13 13 
3 15 13 13 13 
3 19 
3 19 13 
3 19 13 13 
3 19 13 13 13 
3 20 
3 20 13 
3 20 13 13 
3 20 13 13 13 
3 20 19 
3 20 19 13 
3 20 19 13 13 
3 20 19 13 13 13 
3 20 25 
3 20 25 13 
3 20 25 13 13 
3 25 
3 25 13 
3 25 13 13 
3 25 13 13 13 
3 25 19 
3 25 19 13 
3 25 19 13 13 
3 25 25 
3 25 25 13 
3 25 25 13 13 
3 25 25 13 13 13 
6 
6 1 
6 1 1 
6 1 1 1 
6 1 1 1 13 
6 1 1 13 
6 1 1 13 13 
6 1 1 25 
6 1 1 25 13 
6 1 2 
6 1 2 13 
6 1 2 13 13 
6 1 2 13 13 13 
6 1 3 
6 1 3 13 
6 1 3 13 13 
6 1 3 13 13 13 
6 1 3 20 
6 1 3 20 13 
6 1 3 20 13 13 
6 1 13 
6 1 13 13 
6 1 13 13 13 
6 1 13 13 13 13 
6 1 14 
6 1 14 13 
6 1 15 
6 1 15 13 
6 1 15 13 13 
6 1 15 13 13 13 
6 1 19 
6 1 19 13 
6 1 19 13 13 
6 1 19 13 13 13 
6 1 20 
6 1 20 13 
6 1 20 13 13 
6 1 20 13 13 13 
6 1 20 19 
6 1 20 19 13 
6 1 20 19 13 13 
6 1 20 25 
6 1 20 25 13 
6 1 20 25 13 13 
6 1 25 
6 1 25 1 
6 1 25 1 13 
6 1 25 1 13 13 
6 1 25 2 
6 1 25 2 13 
6 1 25 2 13 13 
6 1 25 13 
6 1 25 13 13 
6 1 25 13 13 13 
6 1 25 13 13 13 13 
6 1 25 19 
6 1 25 19 13 
6 1 25 25 
6 1 25 25 1 
6 1 25 25 1 13 
6 1 25 25 13 
6 1 25 25 13 13 
6 1 25 25 25 
6 1 25 25 25 13 
6 1 25 25 25 13 13 
6 2 
6 2 13 
6 2 13 13 
6 2 13 13 13 
6 2 25 
6 2 25 13 
6 3 
6 3 13 
6 3 13 13 
6 3 13 13 13 
6 3 20 
6 3 20 13 
6 3 20 13 13 
6 3 20 13 13 13 
6 3 25 
6 3 25 13 
6 3 25 13 13 
6 9 
6 9 13 
6 9 13 13 
6 13 
6 13 13 
6 13 13 13 
6 13 13 13 13 
6 13 13 13 13 13 
6 14 
6 14 13 
6 14 13 13 
6 15 
6 15 13 
6 15 13 13 
6 15 13 13 13 
6 15 25 
6 15 25 13 
6 18 
6 18 13 
6 18 13 13 
6 19 
6 19 13 
6 19 13 13 
6 19 13 13 13 
6 20 
6 20 13 
6 20 13 13 
6 20 13 13 13 
6 20 13 13 13 13 
6 20 19 
6 20 19 13 
6 20 19 13 13 
6 20 19 13 13 13 
6 20 20 
6 20 20 13 
6 20 20 13 13 
6 20 25 
6 20 25 13 
6 20 25 13 13 
6 24 
6 24 13 
6 24 13 13 
6 25 
6 25 1 
6 25 1 1 
6 25 1 1 13 
6 25 1 13 
6 25 1 13 13 
6 25 1 25 
6 25 1 25 13 
6 25 1 25 25 
6 25 1 25 25 13 
6 25 2 
6 25 2 13 
6 25 2 13 13 
6 25 13 
6 25 13 13 
6 25 13 13 13 
6 25 13 13 13 13 
6 25 19 
6 25 19 13 
6 25 19 13 13 
6 25 25 
6 25 25 1 
6 25 25 1 13 
6 25 25 1 25 
6 25 25 1 25 13 
6 25 25 1 25 25 
6 25 25 1 25 25 13 
6 25 25 13 
6 25 25 13 13 
6 25 25 13 13 13 
6 25 25 25 
6 25 25 25 13 
6 25 25 25 13 13 
6 25 25 25 25 
6 25 25 25 25 13 
7 
7 1 
7 1 13 
7 1 13 13 
7 1 25 
7 1 25 13 
7 2 
7 2 13 
7 2 13 13 
7 2 13 13 13 
7 2 19 
7 2 19 13 
7 2 19 13 13 
7 13 
7 13 13 
7 13 13 13 
7 19 
7 19 13 
7 19 13 13 
7 19 13 13 13 
7 20 
7 20 13 
7 20 13 13 
7 25 
7 25 13 
7 25 13 13 
7 25 13 13 13 
7 25 25 
7 25 25 13 
8 
8 1 
8 1 13 
8 1 13 13 
8 1 13 13 13 
8 1 13 13 13 13 
8 2 
8 2 13 
8 2 13 13 
8 2 13 13 13 
8 2 13 13 13 13 
8 2 19 
8 2 19 13 
8 2 19 13 13 
8 6 
8 6 13 
8 13 
8 13 13 
8 13 13 13 
8 13 13 13 13 
8 18 
8 18 13 
8 18 13 13 
8 19 
8 19 13 
8 19 13 13 
8 19 13 13 13 
8 20 
8 20 13 
8 20 13 13 
8 20 13 13 13 
8 24 
8 24 13 
8 24 13 13 
8 25 
8 25 13 
8 25 13 13 
8 25 13 13 13 
8 25 13 13 13 13 
8 25 19 
8 25 19 13 
8 25 19 13 13 
8 25 25 
8 25 25 13 
8 25 25 13 13 
8 25 25 13 13 13 
9 
9 1 
9 1 13 
9 1 13 13 
9 1 13 13 13 
9 2 
9 2 13 
9 2 13 13 
9 13 
9 13 13 
9 13 13 13 
9 13 13 13 13 
9 19 
9 19 13 
9 19 13 13 
9 20 
9 20 13 
9 20 13 13 
9 20 13 13 13 
9 25 
9 25 1 
9 25 1 13 
9 25 1 13 13 
9 25 1 13 13 13 
9 25 13 
9 25 13 13 
9 25 13 13 13 
9 25 13 13 13 13 
9 25 25 
9 25 25 13 
9 25 25 13 13 
10 
10 13 
10 13 13 
10 13 13 13 
10 25 
10 25 13 
10 25 13 13 
11 
11 1 
11 1 1 
11 1 1 13 
11 1 2 
11 1 2 13 
11 1 3 
11 1 3 13 
11 1 3 13 13 
11 1 13 
11 1 13 13 
11 1 13 13 13 
11 1 19 
11 1 19 13 
11 1 20 
11 1 20 13 
11 1 20 13 13 
11 1 20 13 13 13 
11 1 25 
11 1 25 13 
11 1 25 13 13 
11 1 25 13 13 13 
11 1 25 25 
11 1 25 25 13 
11 2 
11 2 13 
11 2 13 13 
11 3 
11 3 13 
11 3 13 13 
11 13 
11 13 13 
11 13 13 13 
11 13 13 13 13 
11 19 
11 19 13 
11 20 
11 20 13 
11 20 13 13 
11 20 13 13 13 
11 25 
11 25 13 
11 25 13 13 
11 25 13 13 13 
11 25 25 
11 25 25 13 
12 
12 1 
12 1 1 
12 1 1 13 
12 1 1 13 13 
12 1 2 
12 1 2 13 
12 1 2 13 13 
12 1 2 13 13 13 
12 1 3 
12 1 3 13 
12 1 3 13 13 
12 1 3 13 13 13 
12 1 3 20 
12 1 3 20 13 
12 1 3 20 13 13 
12 1 13 
12 1 13 13 
12 1 13 13 13 
12 1 15 
12 1 15 13 
12 1 15 13 13 
12 1 15 13 13 13 
12 1 19 
12 1 19 13 
12 1 19 13 13 
12 1 19 13 13 13 
12 1 20 
12 1 20 13 
12 1 20 13 13 
12 1 20 13 13 13 
12 1 20 19 
12 1 20 19 13 
12 1 20 19 13 13 
12 1 20 19 13 13 13 
12 1 25 
12 1 25 1 
12 1 25 1 13 
12 1 25 2 
12 1 25 2 13 
12 1 25 2 13 13 
12 1 25 13 
12 1 25 13 13 
12 1 25 13 13 13 
12 1 25 19 
12 1 25 19 13 
12 1 25 25 
12 1 25 25 13 
12 1 25 25 13 13 
12 1 25 25 25 
12 1 25 25 25 13 
12 2 
12 2 13 
12 2 13 13 
12 2 13 13 13 
12 2 19 
12 2 19 13 
12 2 19 13 13 
12 2 25 
12 2 25 13 
12 3 
12 3 13 
12 3 13 13 
12 3 13 13 13 
12 3 20 
12 3 20 13 
12 3 20 13 13 
12 3 20 13 13 13 
12 6 
12 6 1 
12 6 1 1 
12 6 1 1 13 
12 6 1 2 
12 6 1 2 13 
12 6 1 2 13 13 
12 6 1 3 
12 6 1 3 13 
12 6 1 13 
12 6 1 13 13 
12 6 1 13 13 13 
12 6 1 15 
12 6 1 15 13 
12 6 1 19 
12 6 1 19 13 
12 6 1 20 
12 6 1 20 13 
12 6 1 20 13 13 
12 6 1 20 13 13 13 
12 6 1 25 
12 6 1 25 13 
12 6 1 25 13 13 
12 6 1 25 25 
12 6 1 25 25 13 
12 6 2 
12 6 2 13 
12 6 2 13 13 
12 6 3 
12 6 3 13 
12 6 3 13 13 
12 6 13 
12 6 13 13 
12 6 13 13 13 
12 6 15 
12 6 15 13 
12 6 15 13 13 
12 6 19 
12 6 19 13 
12 6 19 13 13 
12 6 20 
12 6 20 13 
12 6 20 13 13 
12 6 20 13 13 13 
12 6 25 
12 6 25 13 
12 6 25 13 13 
12 6 25 25 
12 6 25 25 13 
12 9 
12 9 13 
12 9 13 13 
12 11 
12 11 13 
12 11 13 13 
12 13 
12 13 13 
12 13 13 13 
12 13 13 13 13 
12 14 
12 14 13 
12 14 13 13 
12 15 
12 15 13 
12 15 13 13 
12 15 13 13 13 
12 15 19 
12 15 19 13 
12 15 20 
12 15 20 13 
12 18 
12 18 13 
12 19 
12 19 13 
12 19 13 13 
12 19 13 13 13 
12 20 
12 20 13 
12 20 13 13 
12 20 13 13 13 
12 20 19 
12 20 19 13 
12 20 19 13 13 
12 20 19 13 13 13 
12 20 20 
12 20 20 13 
12 20 20 13 13 
12 20 25 
12 20 25 13 
12 24 
12 24 13 
12 25 
12 25 1 
12 25 1 13 
12 25 1 13 13 
12 25 2 
12 25 2 13 
12 25 2 13 13 
12 25 13 
12 25 13 13 
12 25 13 13 13 
12 25 19 
12 25 19 13 
12 25 19 13 13 
12 25 25 
12 25 25 1 
12 25 25 1 13 
12 25 25 13 
12 25 25 13 13 
12 25 25 25 
12 25 25 25 13 
13 
13 1 
13 1 1 
13 1 1 1 
13 1 1 1 13 
13 1 1 1 13 13 
13 1 1 1 13 13 13 
13 1 1 2 
13 1 1 2 13 
13 1 1 2 13 13 
13 1 1 2 25 
13 1 1 2 25 13 
13 1 1 6 
13 1 1 6 13 
13 1 1 13 
13 1 1 13 13 
13 1 1 13 13 13 
13 1 1 13 13 13 13 
13 1 1 19 
13 1 1 19 13 
13 1 1 19 13 13 
13 1 1 20 
13 1 1 20 13 
13 1 1 20 13 13 
13 1 1 25 
13 1 1 25 13 
13 1 1 25 13 13 
13 1 1 25 13 13 13 
13 1 1 25 19 
13 1 1 25 19 13 
13 1 1 25 25 
13 1 1 25 25 13 
13 1 1 25 25 13 13 
13 1 1 25 25 25 
13 1 1 25 25 25 13 
13 1 1 25 25 25 13 13 
13 1 2 
13 1 2 1 
13 1 2 1 13 
13 1 2 1 13 13 
13 1 2 1 13 13 13 
13 1 2 2 
13 1 2 2 13 
13 1 2 2 13 13 
13 1 2 2 13 13 13 
13 1 2 13 
13 1 2 13 13 
13 1 2 13 13 13 
13 1 2 13 13 13 13 
13 1 2 14 
13 1 2 14 13 
13 1 2 14 13 13 
13 1 2 14 13 13 13 
13 1 2 19 
13 1 2 19 13 
13 1 2 19 13 13 
13 1 2 19 13 13 13 
13 1 2 19 19 
13 1 2 19 19 13 
13 1 2 19 19 13 13 
13 1 2 20 
13 1 2 20 13 
13 1 2 20 13 13 
13 1 2 20 13 13 13 
13 1 2 20 19 
13 1 2 20 19 13 
13 1 2 20 19 13 13 
13 1 2 24 
13 1 2 24 13 
13 1 2 24 13 13 
13 1 2 25 
13 1 2 25 13 
13 1 2 25 13 13 
13 1 2 25 13 13 13 
13 1 2 25 13 13 13 13 
13 1 2 25 19 
13 1 2 25 19 13 
13 1 2 25 19 13 13 
13 1 2 25 19 13 13 13 
13 1 2 25 25 
13 1 2 25 25 13 
13 1 2 25 25 13 13 
13 1 2 25 25 13 13 13 
13 1 2 25 25 19 
13 1 2 25 25 19 13 
13 1 2 25 25 25 
13 1 2 25 25 25 13 
13 1 2 25 25 25 13 13 
13 1 3 
13 1 3 13 
13 1 3 13 13 
13 1 3 13 13 13 
13 1 3 15 
13 1 3 15 13 
13 1 3 15 13 13 
13 1 3 19 
13 1 3 19 13 
13 1 3 19 13 13 
13 1 3 19 13 13 13 
13 1 3 20 
13 1 3 20 13 
13 1 3 20 13 13 
13 1 3 20 13 13 13 
13 1 3 20 19 
13 1 3 20 19 13 
13 1 3 20 19 13 13 
13 1 3 20 25 
13 1 3 20 25 13 
13 1 3 20 25 13 13 
13 1 3 25 
13 1 3 25 13 
13 1 3 25 13 13 
13 1 3 25 13 13 13 
13 1 3 25 19 
13 1 3 25 19 13 
13 1 3 25 19 13 13 
13 1 3 25 25 
13 1 3 25 25 13 
13 1 3 25 25 13 13 
13 1 3 25 25 13 13 13 
13 1 6 
13 1 6 13 
13 1 6 13 13 
13 1 6 13 13 13 
13 1 7 
13 1 7 13 
13 1 7 13 13 
13 1 7 13 13 13 
13 1 8 
13 1 8 2 
13 1 8 2 13 
13 1 8 2 13 13 
13 1 8 2 13 13 13 
13 1 8 13 
13 1 8 13 13 
13 1 8 13 13 13 
13 1 8 13 13 13 13 
13 1 8 19 
13 1 8 19 13 
13 1 8 19 13 13 
13 1 8 25 
13 1 8 25 13 
13 1 8 25 13 13 
13 1 8 25 13 13 13 
13 1 9 
13 1 9 1 
13 1 9 1 13 
13 1 9 1 13 13 
13 1 9 13 
13 1 9 13 13 
13 1 9 13 13 13 
13 1 9 13 13 13 13 
13 1 9 25 
13 1 9 25 1 
13 1 9 25 1 13 
13 1 9 25 13 
13 1 9 25 13 13 
13 1 9 25 13 13 13 
13 1 10 
13 1 10 13 
13 1 10 13 13 
13 1 12 
13 1 12 13 
13 1 12 13 13 
13 1 13 
13 1 13 13 
13 1 13 13 13 
13 1 13 13 13 13 
13 1 13 13 13 13 13 
13 1 14 
13 1 14 13 
13 1 14 13 13 
13 1 14 13 13 13 
13 1 14 25 
13 1 14 25 13 
13 1 14 25 13 13 
13 1 15 
13 1 15 13 
13 1 15 13 13 
13 1 15 13 13 13 
13 1 15 19 
13 1 15 19 13 
13 1 15 19 13 13 
13 1 15 20 
13 1 15 20 13 
13 1 15 20 13 13 
13 1 15 20 13 13 13 
13 1 15 25 
13 1 15 25 13 
13 1 15 25 13 13 
13 1 15 25 25 
13 1 15 25 25 13 
13 1 18 
13 1 18 13 
13 1 18 13 13 
13 1 18 13 13 13 
13 1 19 
13 1 19 2 
13 1 19 2 13 
13 1 19 2 13 13 
13 1 19 13 
13 1 19 13 13 
13 1 19 13 13 13 
13 1 19 13 13 13 13 
13 1 19 19 
13 1 19 19 13 
13 1 19 19 13 13 
13 1 19 19 13 13 13 
13 1 20 
13 1 20 2 
13 1 20 2 13 
13 1 20 2 13 13 
13 1 20 2 13 13 13 
13 1 20 13 
13 1 20 13 13 
13 1 20 13 13 13 
13 1 20 13 13 13 13 
13 1 20 13 13 13 13 13 
13 1 20 14 
13 1 20 14 13 
13 1 20 14 13 13 
13 1 20 19 
13 1 20 19 13 
13 1 20 19 13 13 
13 1 20 19 13 13 13 
13 1 20 19 19 
13 1 20 19 19 13 
13 1 20 19 19 13 13 
13 1 20 20 
13 1 20 20 13 
13 1 20 20 13 13 
13 1 20 20 13 13 13 
13 1 20 25 
13 1 20 25 2 
13 1 20 25 2 13 
13 1 20 25 2 13 13 
13 1 20 25 13 
13 1 20 25 13 13 
13 1 20 25 13 13 13 
13 1 20 25 19 
13 1 20 25 19 13 
13 1 20 25 19 13 13 
13 1 20 25 19 13 13 13 
13 1 20 25 25 
13 1 20 25 25 13 
13 1 20 25 25 13 13 
13 1 20 25 25 13 13 13 
13 1 24 
13 1 24 1 
13 1 24 1 13 
13 1 24 1 13 13 
13 1 24 2 
13 1 24 2 13 
13 1 24 2 13 13 
13 1 24 13 
13 1 24 13 13 
13 1 24 13 13 13 
13 1 24 13 13 13 13 
13 1 24 19 
13 1 24 19 13 
13 1 24 19 13 13 
13 1 25 
13 1 25 1 
13 1 25 1 1 
13 1 25 1 1 13 
13 1 25 1 1 13 13 
13 1 25 1 13 
13 1 25 1 13 13 
13 1 25 1 13 13 13 
13 1 25 1 25 
13 1 25 1 25 13 
13 1 25 1 25 25 
13 1 25 1 25 25 13 
13 1 25 1 25 25 25 
13 1 25 1 25 25 25 13 
13 1 25 2 
13 1 25 2 13 
13 1 25 2 13 13 
13 1 25 2 13 13 13 
13 1 25 2 13 13 13 13 
13 1 25 2 19 
13 1 25 2 19 13 
13 1 25 2 19 13 13 
13 1 25 2 19 13 13 13 
13 1 25 2 20 
13 1 25 2 20 13 
13 1 25 2 20 13 13 
13 1 25 2 20 13 13 13 
13 1 25 2 25 
13 1 25 2 25 13 
13 1 25 2 25 13 13 
13 1 25 2 25 13 13 13 
13 1 25 2 25 25 
13 1 25 2 25 25 13 
13 1 25 2 25 25 13 13 
13 1 25 3 
13 1 25 3 13 
13 1 25 3 13 13 
13 1 25 6 
13 1 25 6 13 
13 1 25 6 13 13 
13 1 25 8 
13 1 25 8 13 
13 1 25 8 13 13 
13 1 25 8 13 13 13 
13 1 25 13 
13 1 25 13 13 
13 1 25 13 13 13 
13 1 25 13 13 13 13 
13 1 25 13 13 13 13 13 
13 1 25 14 
13 1 25 14 13 
13 1 25 14 13 13 
13 1 25 14 13 13 13 
13 1 25 18 
13 1 25 18 13 
13 1 25 18 13 13 
13 1 25 18 13 13 13 
13 1 25 19 
13 1 25 19 13 
13 1 25 19 13 13 
13 1 25 19 13 13 13 
13 1 25 19 13 13 13 13 
13 1 25 20 
13 1 25 20 13 
13 1 25 20 13 13 
13 1 25 20 13 13 13 
13 1 25 20 13 13 13 13 
13 1 25 24 
13 1 25 24 13 
13 1 25 24 13 13 
13 1 25 24 13 13 13 
13 1 25 25 
13 1 25 25 1 
13 1 25 25 1 13 
13 1 25 25 1 13 13 
13 1 25 25 1 25 
13 1 25 25 1 25 13 
13 1 25 25 1 25 25 
13 1 25 25 1 25 25 13 
13 1 25 25 2 
13 1 25 25 2 13 
13 1 25 25 13 
13 1 25 25 13 13 
13 1 25 25 13 13 13 
13 1 25 25 13 13 13 13 
13 1 25 25 19 
13 1 25 25 19 13 
13 1 25 25 19 13 13 
13 1 25 25 19 13 13 13 
13 1 25 25 20 
13 1 25 25 20 13 
13 1 25 25 25 
13 1 25 25 25 13 
13 1 25 25 25 13 13 
13 1 25 25 25 13 13 13 
13 1 25 25 25 19 
13 1 25 25 25 19 13 
13 1 25 25 25 25 
13 1 25 25 25 25 13 
13 1 25 25 25 25 13 13 
13 1 25 25 25 25 25 
13 1 25 25 25 25 25 13 
13 2 
13 2 1 
13 2 1 1 
13 2 1 1 13 
13 2 1 1 13 13 
13 2 1 1 13 13 13 
13 2 1 2 
13 2 1 2 13 
13 2 1 2 13 13 
13 2 1 13 
13 2 1 13 13 
13 2 1 13 13 13 
13 2 1 13 13 13 13 
13 2 1 19 
13 2 1 19 13 
13 2 1 19 13 13 
13 2 1 25 
13 2 1 25 13 
13 2 1 25 13 13 
13 2 1 25 13 13 13 
13 2 1 25 25 
13 2 1 25 25 13 
13 2 1 25 25 13 13 
13 2 2 
13 2 2 13 
13 2 2 13 13 
13 2 2 13 13 13 
13 2 2 13 13 13 13 
13 2 2 19 
13 2 2 19 13 
13 2 2 19 13 13 
13 2 2 19 13 13 13 
13 2 2 25 
13 2 2 25 13 
13 2 2 25 13 13 
13 2 2 25 13 13 13 
13 2 2 25 25 
13 2 2 25 25 13 
13 2 2 25 25 13 13 
13 2 3 
13 2 3 13 
13 2 3 13 13 
13 2 3 13 13 13 
13 2 6 
13 2 6 13 
13 2 6 13 13 
13 2 8 
13 2 8 13 
13 2 8 13 13 
13 2 8 13 13 13 
13 2 8 13 13 13 13 
13 2 9 
13 2 9 13 
13 2 9 13 13 
13 2 13 
13 2 13 13 
13 2 13 13 13 
13 2 13 13 13 13 
13 2 13 13 13 13 13 
13 2 14 
13 2 14 13 
13 2 14 13 13 
13 2 14 13 13 13 
13 2 18 
13 2 18 13 
13 2 18 13 13 
13 2 19 
13 2 19 13 
13 2 19 13 13 
13 2 19 13 13 13 
13 2 19 13 13 13 13 
13 2 19 19 
13 2 19 19 13 
13 2 19 19 13 13 
13 2 19 19 13 13 13 
13 2 20 
13 2 20 13 
13 2 20 13 13 
13 2 20 13 13 13 
13 2 20 13 13 13 13 
13 2 20 19 
13 2 20 19 13 
13 2 20 19 13 13 
13 2 20 19 13 13 13 
13 2 20 25 
13 2 20 25 13 
13 2 20 25 13 13 
13 2 24 
13 2 24 13 
13 2 24 13 13 
13 2 24 13 13 13 
13 2 25 
13 2 25 2 
13 2 25 2 13 
13 2 25 2 13 13 
13 2 25 2 13 13 13 
13 2 25 13 
13 2 25 13 13 
13 2 25 13 13 13 
13 2 25 13 13 13 13 
13 2 25 19 
13 2 25 19 13 
13 2 25 19 13 13 
13 2 25 19 13 13 13 
13 2 25 20 
13 2 25 20 13 
13 2 25 20 13 13 
13 2 25 25 
13 2 25 25 13 
13 2 25 25 13 13 
13 2 25 25 13 13 13 
13 2 25 25 13 13 13 13 
13 2 25 25 19 
13 2 25 25 19 13 
13 2 25 25 19 13 13 
13 2 25 25 25 
13 2 25 25 25 13 
13 2 25 25 25 13 13 
13 3 
13 3 2 
13 3 2 13 
13 3 2 13 13 
13 3 13 
13 3 13 13 
13 3 13 13 13 
13 3 13 13 13 13 
13 3 15 
13 3 15 13 
13 3 15 13 13 
13 3 15 13 13 13 
13 3 19 
13 3 19 13 
13 3 19 13 13 
13 3 19 13 13 13 
13 3 20 
13 3 20 13 
13 3 20 13 13 
13 3 20 13 13 13 
13 3 20 19 
13 3 20 19 13 
13 3 20 19 13 13 
13 3 20 19 13 13 13 
13 3 20 25 
13 3 20 25 13 
13 3 20 25 13 13 
13 3 25 
13 3 25 13 
13 3 25 13 13 
13 3 25 13 13 13 
13 3 25 19 
13 3 25 19 13 
13 3 25 19 13 13 
13 3 25 25 
13 3 25 25 13 
13 3 25 25 13 13 
13 3 25 25 13 13 13 
13 6 
13 6 1 
13 6 1 1 
13 6 1 1 1 
13 6 1 1 1 13 
13 6 1 1 13 
13 6 1 1 13 13 
13 6 1 1 25 
13 6 1 1 25 13 
13 6 1 2 
13 6 1 2 13 
13 6 1 2 13 13 
13 6 1 2 13 13 13 
13 6 1 3 
13 6 1 3 13 
13 6 1 3 13 13 
13 6 1 3 13 13 13 
13 6 1 3 20 
13 6 1 3 20 13 
13 6 1 3 20 13 13 
13 6 1 13 
13 6 1 13 13 
13 6 1 13 13 13 
13 6 1 13 13 13 13 
13 6 1 14 
13 6 1 14 13 
13 6 1 15 
13 6 1 15 13 
13 6 1 15 13 13 
13 6 1 19 
13 6 1 19 13 
13 6 1 19 13 13 
13 6 1 19 13 13 13 
13 6 1 20 
13 6 1 20 13 
13 6 1 20 13 13 
13 6 1 20 13 13 13 
13 6 1 20 19 
13 6 1 20 19 13 
13 6 1 20 19 13 13 
13 6 1 20 25 
13 6 1 20 25 13 
13 6 1 25 
13 6 1 25 1 
13 6 1 25 1 13 
13 6 1 25 1 13 13 
13 6 1 25 2 
13 6 1 25 2 13 
13 6 1 25 2 13 13 
13 6 1 25 13 
13 6 1 25 13 13 
13 6 1 25 13 13 13 
13 6 1 25 19 
13 6 1 25 19 13 
13 6 1 25 25 
13 6 1 25 25 1 
13 6 1 25 25 1 13 
13 6 1 25 25 13 
13 6 1 25 25 13 13 
13 6 1 25 25 25 
13 6 1 25 25 25 13 
13 6 1 25 25 25 13 13 
13 6 2 
13 6 2 13 
13 6 2 13 13 
13 6 2 13 13 13 
13 6 2 25 
13 6 2 25 13 
13 6 3 
13 6 3 13 
13 6 3 13 13 
13 6 3 13 13 13 
13 6 3 20 
13 6 3 20 13 
13 6 3 20 13 13 
13 6 3 25 
13 6 3 25 13 
13 6 3 25 13 13 
13 6 9 
13 6 9 13 
13 6 13 
13 6 13 13 
13 6 13 13 13 
13 6 13 13 13 13 
13 6 14 
13 6 14 13 
13 6 14 13 13 
13 6 15 
13 6 15 13 
13 6 15 13 13 
13 6 15 13 13 13 
13 6 18 
13 6 18 13 
13 6 18 13 13 
13 6 19 
13 6 19 13 
13 6 19 13 13 
13 6 19 13 13 13 
13 6 20 
13 6 20 13 
13 6 20 13 13 
13 6 20 13 13 13 
13 6 20 19 
13 6 20 19 13 
13 6 20 19 13 13 
13 6 20 19 13 13 13 
13 6 20 20 
13 6 20 20 13 
13 6 20 20 13 13 
13 6 20 25 
13 6 20 25 13 
13 6 20 25 13 13 
13 6 24 
13 6 24 13 
13 6 24 13 13 
13 6 25 
13 6 25 1 
13 6 25 1 1 
13 6 25 1 1 13 
13 6 25 1 13 
13 6 25 1 13 13 
13 6 25 1 25 
13 6 25 1 25 13 
13 6 25 1 25 25 
13 6 25 1 25 25 13 
13 6 25 2 
13 6 25 2 13 
13 6 25 2 13 13 
13 6 25 13 
13 6 25 13 13 
13 6 25 13 13 13 
13 6 25 13 13 13 13 
13 6 25 19 
13 6 25 19 13 
13 6 25 19 13 13 
13 6 25 25 
13 6 25 25 1 
13 6 25 25 1 13 
13 6 25 25 1 25 
13 6 25 25 1 25 13 
13 6 25 25 13 
13 6 25 25 13 13 
13 6 25 25 25 
13 6 25 25 25 13 
13 6 25 25 25 13 13 
13 6 25 25 25 25 
13 6 25 25 25 25 13 
13 7 
13 7 1 
13 7 1 13 
13 7 1 13 13 
13 7 2 
13 7 2 13 
13 7 2 13 13 
13 7 2 13 13 13 
13 7 2 19 
13 7 2 19 13 
13 7 13 
13 7 13 13 
13 7 13 13 13 
13 7 19 
13 7 19 13 
13 7 19 13 13 
13 7 19 13 13 13 
13 7 20 
13 7 20 13 
13 7 20 13 13 
13 7 25 
13 7 25 13 
13 7 25 13 13 
13 7 25 13 13 13 
13 8 
13 8 1 
13 8 1 13 
13 8 1 13 13 
13 8 1 13 13 13 
13 8 2 
13 8 2 13 
13 8 2 13 13 
13 8 2 13 13 13 
13 8 2 13 13 13 13 
13 8 2 19 
13 8 2 19 13 
13 8 2 19 13 13 
13 8 13 
13 8 13 13 
13 8 13 13 13 
13 8 13 13 13 13 
13 8 18 
13 8 18 13 
13 8 18 13 13 
13 8 19 
13 8 19 13 
13 8 19 13 13 
13 8 19 13 13 13 
13 8 20 
13 8 20 13 
13 8 20 13 13 
13 8 20 13 13 13 
13 8 24 
13 8 24 13 
13 8 24 13 13 
13 8 25 
13 8 25 13 
13 8 25 13 13 
13 8 25 13 13 13 
13 8 25 19 
13 8 25 19 13 
13 8 25 19 13 13 
13 8 25 25 
13 8 25 25 13 
13 8 25 25 13 13 
13 9 
13 9 1 
13 9 1 13 
13 9 1 13 13 
13 9 1 13 13 13 
13 9 2 
13 9 2 13 
13 9 2 13 13 
13 9 13 
13 9 13 13 
13 9 13 13 13 
13 9 13 13 13 13 
13 9 19 
13 9 19 13 
13 9 19 13 13 
13 9 20 
13 9 20 13 
13 9 20 13 13 
13 9 25 
13 9 25 1 
13 9 25 1 13 
13 9 25 1 13 13 
13 9 25 13 
13 9 25 13 13 
13 9 25 13 13 13 
13 9 25 13 13 13 13 
13 9 25 25 
13 9 25 25 13 
13 10 
13 10 13 
13 10 13 13 
13 10 13 13 13 
13 10 25 
13 10 25 13 
13 11 
13 11 1 
13 11 1 1 
13 11 1 1 13 
13 11 1 2 
13 11 1 2 13 
13 11 1 13 
13 11 1 13 13 
13 11 1 13 13 13 
13 11 1 20 
13 11 1 20 13 
13 11 1 20 13 13 
13 11 1 20 13 13 13 
13 11 1 25 
13 11 1 25 13 
13 11 1 25 13 13 
13 11 1 25 13 13 13 
13 11 1 25 25 
13 11 1 25 25 13 
13 11 2 
13 11 2 13 
13 11 2 13 13 
13 11 13 
13 11 13 13 
13 11 13 13 13 
13 11 13 13 13 13 
13 11 19 
13 11 19 13 
13 11 20 
13 11 20 13 
13 11 20 13 13 
13 11 20 13 13 13 
13 11 25 
13 11 25 13 
13 11 25 13 13 
13 11 25 13 13 13 
13 11 25 25 
13 11 25 25 13 
13 12 
13 12 1 
13 12 1 1 
13 12 1 1 13 
13 12 1 1 13 13 
13 12 1 2 
13 12 1 2 13 
13 12 1 2 13 13 
13 12 1 2 13 13 13 
13 12 1 3 
13 12 1 3 13 
13 12 1 3 13 13 
13 12 1 3 13 13 13 
13 12 1 3 20 
13 12 1 3 20 13 
13 12 1 3 20 13 13 
13 12 1 13 
13 12 1 13 13 
13 12 1 13 13 13 
13 12 1 15 
13 12 1 15 13 
13 12 1 15 13 13 
13 12 1 19 
13 12 1 19 13 
13 12 1 19 13 13 
13 12 1 19 13 13 13 
13 12 1 20 
13 12 1 20 13 
13 12 1 20 13 13 
13 12 1 20 13 13 13 
13 12 1 20 19 
13 12 1 20 19 13 
13 12 1 20 19 13 13 
13 12 1 20 19 13 13 13 
13 12 1 25 
13 12 1 25 1 
13 12 1 25 1 13 
13 12 1 25 2 
13 12 1 25 2 13 
13 12 1 25 2 13 13 
13 12 1 25 13 
13 12 1 25 13 13 
13 12 1 25 13 13 13 
13 12 1 25 19 
13 12 1 25 19 13 
13 12 1 25 25 
13 12 1 25 25 13 
13 12 1 25 25 13 13 
13 12 1 25 25 25 
13 12 1 25 25 25 13 
13 12 2 
13 12 2 13 
13 12 2 13 13 
13 12 2 13 13 13 
13 12 2 19 
13 12 2 19 13 
13 12 2 19 13 13 
13 12 3 
13 12 3 13 
13 12 3 13 13 
13 12 3 13 13 13 
13 12 3 20 
13 12 3 20 13 
13 12 3 20 13 13 
13 12 6 
13 12 6 1 
13 12 6 1 1 
13 12 6 1 1 13 
13 12 6 1 2 
13 12 6 1 2 13 
13 12 6 1 2 13 13 
13 12 6 1 13 
13 12 6 1 13 13 
13 12 6 1 13 13 13 
13 12 6 1 15 
13 12 6 1 15 13 
13 12 6 1 19 
13 12 6 1 19 13 
13 12 6 1 20 
13 12 6 1 20 13 
13 12 6 1 20 13 13 
13 12 6 1 20 13 13 13 
13 12 6 1 25 
13 12 6 1 25 13 
13 12 6 1 25 13 13 
13 12 6 1 25 25 
13 12 6 1 25 25 13 
13 12 6 2 
13 12 6 2 13 
13 12 6 2 13 13 
13 12 6 3 
13 12 6 3 13 
13 12 6 3 13 13 
13 12 6 13 
13 12 6 13 13 
13 12 6 13 13 13 
13 12 6 15 
13 12 6 15 13 
13 12 6 15 13 13 
13 12 6 19 
13 12 6 19 13 
13 12 6 19 13 13 
13 12 6 20 
13 12 6 20 13 
13 12 6 20 13 13 
13 12 6 20 13 13 13 
13 12 6 25 
13 12 6 25 13 
13 12 6 25 13 13 
13 12 6 25 25 
13 12 6 25 25 13 
13 12 9 
13 12 9 13 
13 12 9 13 13 
13 12 11 
13 12 11 13 
13 12 13 
13 12 13 13 
13 12 13 13 13 
13 12 13 13 13 13 
13 12 14 
13 12 14 13 
13 12 15 
13 12 15 13 
13 12 15 13 13 
13 12 15 13 13 13 
13 12 15 20 
13 12 15 20 13 
13 12 19 
13 12 19 13 
13 12 19 13 13 
13 12 19 13 13 13 
13 12 20 
13 12 20 13 
13 12 20 13 13 
13 12 20 13 13 13 
13 12 20 19 
13 12 20 19 13 
13 12 20 19 13 13 
13 12 20 19 13 13 13 
13 12 24 
13 12 24 13 
13 12 25 
13 12 25 1 
13 12 25 1 13 
13 12 25 1 13 13 
13 12 25 2 
13 12 25 2 13 
13 12 25 2 13 13 
13 12 25 13 
13 12 25 13 13 
13 12 25 13 13 13 
13 12 25 19 
13 12 25 19 13 
13 12 25 19 13 13 
13 12 25 25 
13 12 25 25 1 
13 12 25 25 1 13 
13 12 25 25 13 
13 12 25 25 13 13 
13 12 25 25 25 
13 12 25 25 25 13 
13 13 
13 13 1 
13 13 1 1 
13 13 1 1 13 
13 13 1 1 13 13 
13 13 1 1 13 13 13 
13 13 1 2 
13 13 1 2 13 
13 13 1 2 13 13 
13 13 1 2 13 13 13 
13 13 1 13 
13 13 1 13 13 
13 13 1 13 13 13 
13 13 1 13 13 13 13 
13 13 1 18 
13 13 1 18 13 
13 13 1 18 13 13 
13 13 1 19 
13 13 1 19 13 
13 13 1 19 13 13 
13 13 1 20 
13 13 1 20 13 
13 13 1 24 
13 13 1 24 13 
13 13 1 24 13 13 
13 13 1 25 
13 13 1 25 1 
13 13 1 25 1 13 
13 13 1 25 1 13 13 
13 13 1 25 13 
13 13 1 25 13 13 
13 13 1 25 13 13 13 
13 13 1 25 25 
13 13 1 25 25 13 
13 13 2 
13 13 2 1 
13 13 2 1 13 
13 13 2 1 13 13 
13 13 2 1 13 13 13 
13 13 2 13 
13 13 2 13 13 
13 13 2 13 13 13 
13 13 2 19 
13 13 2 19 13 
13 13 2 25 
13 13 2 25 13 
13 13 2 25 13 13 
13 13 3 
13 13 3 13 
13 13 3 13 13 
13 13 6 
13 13 6 13 
13 13 6 13 13 
13 13 6 13 13 13 
13 13 8 
13 13 8 13 
13 13 8 13 13 
13 13 8 13 13 13 
13 13 9 
13 13 9 13 
13 13 11 
13 13 11 13 
13 13 11 13 13 
13 13 13 
13 13 13 13 
13 13 13 13 13 
13 13 13 13 13 13 
13 13 13 13 13 13 13 
13 13 18 
13 13 18 13 
13 13 18 13 13 
13 13 19 
13 13 19 13 
13 13 19 13 13 
13 13 19 13 13 13 
13 13 20 
13 13 20 13 
13 13 20 13 13 
13 13 20 13 13 13 
13 13 24 
13 13 24 13 
13 13 24 13 13 
13 13 24 13 13 13 
13 13 25 
13 13 25 1 
13 13 25 1 13 
13 13 25 1 13 13 
13 13 25 1 13 13 13 
13 13 25 2 
13 13 25 2 13 
13 13 25 2 13 13 
13 13 25 13 
13 13 25 13 13 
13 13 25 13 13 13 
13 13 25 13 13 13 13 
13 13 25 25 
13 13 25 25 13 
13 13 25 25 13 13 
13 14 
13 14 1 
13 14 1 13 
13 14 1 13 13 
13 14 1 13 13 13 
13 14 13 
13 14 13 13 
13 14 13 13 13 
13 14 13 13 13 13 
13 14 19 
13 14 19 13 
13 14 19 13 13 
13 14 19 13 13 13 
13 14 20 
13 14 20 13 
13 14 20 13 13 
13 14 20 13 13 13 
13 14 25 
13 14 25 13 
13 14 25 13 13 
13 14 25 13 13 13 
13 14 25 25 
13 14 25 25 13 
13 14 25 25 13 13 
13 15 
13 15 1 
13 15 1 13 
13 15 1 25 
13 15 1 25 13 
13 15 1 25 25 
13 15 1 25 25 13 
13 15 13 
13 15 13 13 
13 15 13 13 13 
13 15 13 13 13 13 
13 15 19 
13 15 19 13 
13 15 19 13 13 
13 15 19 13 13 13 
13 15 20 
13 15 20 13 
13 15 20 13 13 
13 15 20 13 13 13 
13 15 25 
13 15 25 1 
13 15 25 1 13 
13 15 25 1 25 
13 15 25 1 25 13 
13 15 25 13 
13 15 25 13 13 
13 15 25 13 13 13 
13 15 25 19 
13 15 25 19 13 
13 15 25 25 
13 15 25 25 13 
13 15 25 25 13 13 
13 15 25 25 25 
13 15 25 25 25 13 
13 17 
13 17 13 
13 17 13 13 
13 17 13 13 13 
13 18 
13 18 13 
13 18 13 13 
13 18 13 13 13 
13 19 
13 19 1 
13 19 1 13 
13 19 1 13 13 
13 19 2 
13 19 2 13 
13 19 2 13 13 
13 19 2 13 13 13 
13 19 8 
13 19 8 13 
13 19 8 13 13 
13 19 13 
13 19 13 13 
13 19 13 13 13 
13 19 13 13 13 13 
13 19 19 
13 19 19 13 
13 19 19 13 13 
13 19 19 13 13 13 
13 20 
13 20 1 
13 20 1 13 
13 20 1 13 13 
13 20 1 13 13 13 
13 20 1 13 13 13 13 
13 20 1 13 13 13 13 13 
13 20 1 25 
13 20 1 25 13 
13 20 1 25 13 13 
13 20 2 
13 20 2 13 
13 20 2 13 13 
13 20 2 13 13 13 
13 20 2 19 
13 20 2 19 13 
13 20 2 19 13 13 
13 20 2 25 
13 20 2 25 13 
13 20 13 
13 20 13 13 
13 20 13 13 13 
13 20 13 13 13 13 
13 20 13 13 13 13 13 
13 20 14 
13 20 14 13 
13 20 14 13 13 
13 20 14 13 13 13 
13 20 18 
13 20 18 13 
13 20 18 13 13 
13 20 19 
13 20 19 13 
13 20 19 13 13 
13 20 19 13 13 13 
13 20 19 19 
13 20 19 19 13 
13 20 19 19 13 13 
13 20 19 19 13 13 13 
13 20 20 
13 20 20 13 
13 20 20 13 13 
13 20 20 13 13 13 
13 20 20 13 13 13 13 
13 20 20 19 
13 20 20 19 13 
13 20 20 19 13 13 
13 20 20 19 13 13 13 
13 20 24 
13 20 24 13 
13 20 24 13 13 
13 20 25 
13 20 25 1 
13 20 25 1 13 
13 20 25 2 
13 20 25 2 13 
13 20 25 2 13 13 
13 20 25 2 13 13 13 
13 20 25 13 
13 20 25 13 13 
13 20 25 13 13 13 
13 20 25 13 13 13 13 
13 20 25 13 13 13 13 13 
13 20 25 19 
13 20 25 19 13 
13 20 25 19 13 13 
13 20 25 19 13 13 13 
13 20 25 20 
13 20 25 20 13 
13 20 25 20 13 13 
13 20 25 20 13 13 13 
13 20 25 25 
13 20 25 25 13 
13 20 25 25 13 13 
13 20 25 25 13 13 13 
13 20 25 25 13 13 13 13 
13 20 25 25 19 
13 20 25 25 19 13 
13 20 25 25 19 13 13 
13 20 25 25 25 
13 20 25 25 25 13 
13 20 25 25 25 13 13 
13 24 
13 24 1 
13 24 1 13 
13 24 1 13 13 
13 24 1 13 13 13 
13 24 1 13 13 13 13 
13 24 2 
13 24 2 13 
13 24 2 13 13 
13 24 2 13 13 13 
13 24 8 
13 24 8 13 
13 24 8 13 13 
13 24 13 
13 24 13 13 
13 24 13 13 13 
13 24 13 13 13 13 
13 24 19 
13 24 19 13 
13 24 19 13 13 
13 24 19 13 13 13 
13 24 25 
13 24 25 13 
13 24 25 13 13 
13 24 25 13 13 13 
13 25 
13 25 1 
13 25 1 1 
13 25 1 1 13 
13 25 1 1 13 13 
13 25 1 1 13 13 13 
13 25 1 13 
13 25 1 13 13 
13 25 1 13 13 13 
13 25 1 13 13 13 13 
13 25 1 13 13 13 13 13 
13 25 1 20 
13 25 1 20 13 
13 25 1 25 
13 25 1 25 13 
13 25 1 25 13 13 
13 25 1 25 13 13 13 
13 25 1 25 25 
13 25 1 25 25 13 
13 25 1 25 25 13 13 
13 25 1 25 25 25 
13 25 1 25 25 25 13 
13 25 1 25 25 25 13 13 
13 25 2 
13 25 2 13 
13 25 2 13 13 
13 25 2 13 13 13 
13 25 2 13 13 13 13 
13 25 2 19 
13 25 2 19 13 
13 25 2 19 13 13 
13 25 2 19 13 13 13 
13 25 2 20 
13 25 2 20 13 
13 25 2 20 13 13 
13 25 2 20 13 13 13 
13 25 2 25 
13 25 2 25 13 
13 25 2 25 13 13 
13 25 2 25 13 13 13 
13 25 2 25 19 
13 25 2 25 19 13 
13 25 2 25 25 
13 25 2 25 25 13 
13 25 2 25 25 13 13 
13 25 2 25 25 13 13 13 
13 25 3 
13 25 3 13 
13 25 3 13 13 
13 25 3 13 13 13 
13 25 3 25 
13 25 3 25 13 
13 25 3 25 13 13 
13 25 6 
13 25 6 13 
13 25 6 13 13 
13 25 6 13 13 13 
13 25 6 13 13 13 13 
13 25 7 
13 25 7 13 
13 25 7 13 13 
13 25 8 
13 25 8 13 
13 25 8 13 13 
13 25 8 13 13 13 
13 25 8 13 13 13 13 
13 25 13 
13 25 13 13 
13 25 13 13 13 
13 25 13 13 13 13 
13 25 13 13 13 13 13 
13 25 14 
13 25 14 13 
13 25 14 13 13 
13 25 14 13 13 13 
13 25 18 
13 25 18 13 
13 25 18 13 13 
13 25 18 13 13 13 
13 25 19 
13 25 19 13 
13 25 19 13 13 
13 25 19 13 13 13 
13 25 19 13 13 13 13 
13 25 19 19 
13 25 19 19 13 
13 25 19 19 13 13 
13 25 20 
13 25 20 13 
13 25 20 13 13 
13 25 20 13 13 13 
13 25 20 13 13 13 13 
13 25 20 13 13 13 13 13 
13 25 20 19 
13 25 20 19 13 
13 25 20 19 13 13 
13 25 20 19 13 13 13 
13 25 20 25 
13 25 20 25 13 
13 25 24 
13 25 24 13 
13 25 24 13 13 
13 25 24 13 13 13 
13 25 25 
13 25 25 1 
13 25 25 1 13 
13 25 25 1 13 13 
13 25 25 1 25 
13 25 25 1 25 13 
13 25 25 1 25 25 
13 25 25 1 25 25 13 
13 25 25 1 25 25 25 
13 25 25 1 25 25 25 13 
13 25 25 2 
13 25 25 2 13 
13 25 25 2 13 13 
13 25 25 13 
13 25 25 13 13 
13 25 25 13 13 13 
13 25 25 13 13 13 13 
13 25 25 13 13 13 13 13 
13 25 25 19 
13 25 25 19 13 
13 25 25 19 13 13 
13 25 25 19 13 13 13 
13 25 25 20 
13 25 25 20 13 
13 25 25 20 13 13 
13 25 25 25 
13 25 25 25 13 
13 25 25 25 13 13 
13 25 25 25 13 13 13 
13 25 25 25 13 13 13 13 
13 25 25 25 19 
13 25 25 25 19 13 
13 25 25 25 19 13 13 
13 25 25 25 25 
13 25 25 25 25 13 
13 25 25 25 25 13 13 
13 25 25 25 25 25 
13 25 25 25 25 25 13 
14 
14 1 
14 1 13 
14 1 13 13 
14 1 13 13 13 
14 13 
14 13 13 
14 13 13 13 
14 13 13 13 13 
14 19 
14 19 13 
14 19 13 13 
14 19 13 13 13 
14 20 
14 20 13 
14 20 13 13 
14 20 13 13 13 
14 25 
14 25 13 
14 25 13 13 
14 25 13 13 13 
14 25 13 13 13 13 
14 25 25 
14 25 25 13 
14 25 25 13 13 
14 25 25 13 13 13 
15 
15 1 
15 1 13 
15 1 13 13 
15 1 25 
15 1 25 13 
15 1 25 25 
15 1 25 25 13 
15 13 
15 13 13 
15 13 13 13 
15 13 13 13 13 
15 13 13 13 13 13 
15 19 
15 19 13 
15 19 13 13 
15 19 13 13 13 
15 20 
15 20 13 
15 20 13 13 
15 20 13 13 13 
15 20 19 
15 20 19 13 
15 20 20 
15 20 20 13 
15 25 
15 25 1 
15 25 1 13 
15 25 1 25 
15 25 1 25 13 
15 25 13 
15 25 13 13 
15 25 13 13 13 
15 25 13 13 13 13 
15 25 19 
15 25 19 13 
15 25 20 
15 25 20 13 
15 25 25 
15 25 25 13 
15 25 25 13 13 
15 25 25 13 13 13 
15 25 25 25 
15 25 25 25 13 
17 
17 13 
17 13 13 
17 13 13 13 
18 
18 2 
18 2 13 
18 13 
18 13 13 
18 13 13 13 
19 
19 1 
19 1 13 
19 1 13 13 
19 2 
19 2 13 
19 2 13 13 
19 2 13 13 13 
19 8 
19 8 13 
19 8 13 13 
19 13 
19 13 13 
19 13 13 13 
19 13 13 13 13 
19 13 13 13 13 13 
19 19 
19 19 13 
19 19 13 13 
19 19 13 13 13 
20 
20 1 
20 1 13 
20 1 13 13 
20 1 13 13 13 
20 1 13 13 13 13 
20 1 13 13 13 13 13 
20 1 25 
20 1 25 13 
20 1 25 13 13 
20 1 25 13 13 13 
20 1 25 13 13 13 13 
20 1 25 13 13 13 13 13 
20 2 
20 2 13 
20 2 13 13 
20 2 13 13 13 
20 2 19 
20 2 19 13 
20 2 19 13 13 
20 2 25 
20 2 25 13 
20 13 
20 13 13 
20 13 13 13 
20 13 13 13 13 
20 13 13 13 13 13 
20 14 
20 14 13 
20 14 13 13 
20 14 13 13 13 
20 18 
20 18 13 
20 18 13 13 
20 19 
20 19 13 
20 19 13 13 
20 19 13 13 13 
20 19 19 
20 19 19 13 
20 19 19 13 13 
20 19 19 13 13 13 
20 20 
20 20 13 
20 20 13 13 
20 20 13 13 13 
20 20 13 13 13 13 
20 20 13 13 13 13 13 
20 20 19 
20 20 19 13 
20 20 19 13 13 
20 20 19 13 13 13 
20 24 
20 24 13 
20 24 13 13 
20 24 13 13 13 
20 25 
20 25 1 
20 25 1 13 
20 25 1 13 13 
20 25 2 
20 25 2 13 
20 25 2 13 13 
20 25 2 13 13 13 
20 25 13 
20 25 13 13 
20 25 13 13 13 
20 25 13 13 13 13 
20 25 13 13 13 13 13 
20 25 19 
20 25 19 13 
20 25 19 13 13 
20 25 19 13 13 13 
20 25 20 
20 25 20 13 
20 25 20 13 13 
20 25 20 13 13 13 
20 25 25 
20 25 25 13 
20 25 25 13 13 
20 25 25 13 13 13 
20 25 25 13 13 13 13 
20 25 25 13 13 13 13 13 
20 25 25 19 
20 25 25 19 13 
20 25 25 19 13 13 
20 25 25 25 
20 25 25 25 13 
20 25 25 25 13 13 
20 25 25 25 13 13 13 
24 
24 1 
24 1 13 
24 1 13 13 
24 1 13 13 13 
24 1 13 13 13 13 
24 2 
24 2 13 
24 2 13 13 
24 2 13 13 13 
24 8 
24 8 13 
24 8 13 13 
24 13 
24 13 13 
24 13 13 13 
24 13 13 13 13 
24 19 
24 19 13 
24 19 13 13 
24 19 13 13 13 
24 24 
24 24 13 
24 25 
24 25 13 
24 25 13 13 
24 25 13 13 13 
25 
25 1 
25 1 1 
25 1 1 13 
25 1 1 13 13 
25 1 1 13 13 13 
25 1 1 25 
25 1 1 25 13 
25 1 13 
25 1 13 13 
25 1 13 13 13 
25 1 13 13 13 13 
25 1 13 13 13 13 13 
25 1 20 
25 1 20 13 
25 1 20 13 13 
25 1 25 
25 1 25 13 
25 1 25 13 13 
25 1 25 13 13 13 
25 1 25 13 13 13 13 
25 1 25 25 
25 1 25 25 13 
25 1 25 25 13 13 
25 1 25 25 25 
25 1 25 25 25 13 
25 1 25 25 25 13 13 
25 2 
25 2 13 
25 2 13 13 
25 2 13 13 13 
25 2 13 13 13 13 
25 2 19 
25 2 19 13 
25 2 19 13 13 
25 2 19 13 13 13 
25 2 20 
25 2 20 13 
25 2 20 13 13 
25 2 20 13 13 13 
25 2 25 
25 2 25 13 
25 2 25 13 13 
25 2 25 13 13 13 
25 2 25 19 
25 2 25 19 13 
25 2 25 25 
25 2 25 25 13 
25 2 25 25 13 13 
25 2 25 25 13 13 13 
25 3 
25 3 13 
25 3 13 13 
25 3 13 13 13 
25 3 25 
25 3 25 13 
25 3 25 13 13 
25 6 
25 6 13 
25 6 13 13 
25 6 13 13 13 
25 6 13 13 13 13 
25 7 
25 7 13 
25 7 13 13 
25 8 
25 8 13 
25 8 13 13 
25 8 13 13 13 
25 8 13 13 13 13 
25 13 
25 13 13 
25 13 13 13 
25 13 13 13 13 
25 13 13 13 13 13 
25 13 13 13 13 13 13 
25 14 
25 14 13 
25 14 13 13 
25 14 13 13 13 
25 18 
25 18 13 
25 18 13 13 
25 18 13 13 13 
25 19 
25 19 13 
25 19 13 13 
25 19 13 13 13 
25 19 13 13 13 13 
25 19 19 
25 19 19 13 
25 19 19 13 13 
25 20 
25 20 13 
25 20 13 13 
25 20 13 13 13 
25 20 13 13 13 13 
25 20 13 13 13 13 13 
25 20 19 
25 20 19 13 
25 20 19 13 13 
25 20 19 13 13 13 
25 20 25 
25 20 25 13 
25 20 25 13 13 
25 24 
25 24 13 
25 24 13 13 
25 24 13 13 13 
25 25 
25 25 1 
25 25 1 13 
25 25 1 13 13 
25 25 1 25 
25 25 1 25 13 
25 25 1 25 13 13 
25 25 1 25 25 
25 25 1 25 25 13 
25 25 1 25 25 25 
25 25 1 25 25 25 13 
25 25 2 
25 25 2 13 
25 25 2 13 13 
25 25 13 
25 25 13 13 
25 25 13 13 13 
25 25 13 13 13 13 
25 25 13 13 13 13 13 
25 25 19 
25 25 19 13 
25 25 19 13 13 
25 25 19 13 13 13 
25 25 20 
25 25 20 13 
25 25 20 13 13 
25 25 25 
25 25 25 13 
25 25 25 13 13 
25 25 25 13 13 13 
25 25 25 13 13 13 13 
25 25 25 19 
25 25 25 19 13 
25 25 25 19 13 13 
25 25 25 25 
25 25 25 25 13 
25 25 25 25 13 13 
25 25 25 25 25 
25 25 25 25 25 13 
