1 37 37 37 
1 44 44 44 45 45 45 44 44 
1 37 
1 37 37 37 
1 45 37 37 37 37 37 37 
1 44 44 44 44 44 44 44 37 37 44 44 37 37 37 37 44 44 44 44 44 45 45 44 44 44 44 44 44 
1 37 37 44 44 44 44 44 44 44 44 44 44 37 37 
1 37 37 
1 37 37 44 44 44 44 
1 44 
1 37 44 44 44 44 
1 44 44 
1 44 44 44 45 45 
1 44 44 45 45 45 44 44 44 44 44 44 44 44 44 44 37 37 37 37 37 44 44 44 44 44 45 45 44 44 44 44 44 
1 44 45 45 45 44 44 44 44 44 44 44 44 44 44 44 44 44 44 44 44 44 44 44 44 44 44 44 45 45 45 44 
1 37 44 44 44 44 44 44 44 44 44 44 44 37 37 44 44 44 44 44 44 44 44 44 37 37 
1 44 45 45 45 44 44 44 44 44 44 44 37 37 37 44 44 44 44 44 44 37 37 37 37 37 
1 37 44 44 44 44 44 44 44 44 
1 44 37 37 44 44 37 37 37 37 44 44 44 44 44 44 37 37 37 37 
1 36 36 36 36 43 43 44 44 44 37 37 37 44 44 44 44 44 44 44 44 37 37 44 44 44 44 37 37 
1 44 44 
1 37 37 44 44 44 44 44 44 37 37 37 37 
1 44 45 45 45 45 44 44 44 44 45 45 45 45 44 44 
1 44 44 44 45 45 45 44 44 44 44 44 44 44 44 44 44 44 37 37 44 44 44 44 44 44 44 44 37 
1 36 36 36 43 43 44 44 44 44 44 44 37 37 44 44 44 44 44 44 44 44 44 36 
1 37 37 37 37 37 44 44 44 44 44 44 44 37 37 44 44 37 37 37 38 38 37 37 44 44 44 37 37 37 37 
1 44 45 45 45 45 44 44 44 44 44 44 44 44 45 45 45 45 44 44 44 44 44 
1 37 44 44 44 44 44 44 44 44 44 37 44 44 37 37 37 44 44 44 44 44 44 44 44 44 37 37 
1 36 43 43 44 44 44 44 44 44 37 37 44 44 44 44 44 44 44 44 37 37 36 36 
1 37 37 37 37 37 44 44 44 44 37 44 44 37 37 37 37 44 44 37 37 
1 37 37 37 44 44 44 44 44 44 44 44 44 37 37 37 
1 44 45 45 45 45 44 44 44 44 44 45 45 45 45 44 44 44 
1 37 44 44 44 44 44 44 44 44 44 44 37 37 44 44 
1 44 44 44 44 44 37 37 37 
1 37 37 37 37 37 44 44 44 44 37 44 44 44 44 44 44 44 37 37 44 44 37 37 37 
1 38 38 37 37 37 44 44 44 44 44 44 44 44 44 44 44 37 44 44 44 37 37 37 37 38 38 37 
1 44 45 45 45 44 44 
1 44 44 
1 37 44 44 44 44 44 44 44 44 44 44 44 37 37 37 44 44 44 44 44 44 45 44 44 44 44 37 
1 37 37 37 37 37 44 44 44 44 44 
1 44 37 37 37 
1 38 38 37 37 37 37 44 44 44 44 44 44 44 44 37 37 44 44 37 37 37 38 38 37 37 44 44 44 44 37 37 37 
1 36 36 
1 44 
1 44 
1 44 44 44 44 44 44 44 44 36 
1 44 44 44 43 43 36 36 
1 37 37 37 37 37 44 44 44 44 44 44 44 44 44 45 45 44 44 44 37 37 37 37 
1 37 37 37 44 44 44 44 44 44 37 37 44 44 44 44 44 44 44 44 44 37 
1 37 37 37 44 44 44 44 44 44 37 
1 36 43 43 44 44 44 44 44 44 44 44 44 44 44 44 44 44 44 44 44 44 45 44 44 44 44 44 44 44 44 44 44 44 
1 38 38 37 37 37 44 44 44 44 44 37 44 
1 44 44 
1 44 37 37 
1 37 37 37 44 44 44 37 37 37 37 37 37 44 44 45 45 44 44 44 37 37 37 37 37 44 44 44 44 44 44 
1 36 36 
1 44 44 44 44 44 44 44 44 
1 44 44 44 44 44 44 
1 36 
1 44 44 44 
1 36 
1 44 44 
1 44 44 
1 44 37 37 
1 44 44 37 37 44 44 37 37 37 38 38 37 44 44 44 37 37 37 
1 44 44 44 44 44 44 44 44 44 44 44 44 45 44 44 44 44 44 44 44 
1 44 44 
1 44 44 
1 44 37 37 
1 38 38 38 37 37 37 44 44 44 44 44 44 44 37 37 44 37 37 37 38 38 37 37 44 44 44 37 37 37 
1 44 44 44 44 44 44 44 44 44 44 45 45 45 
1 44 44 45 45 45 45 44 44 44 44 44 44 44 44 44 44 44 44 44 44 44 44 45 44 44 44 44 44 44 44 44 44 44 
1 44 44 
1 44 37 37 
1 37 37 37 37 37 44 44 44 44 44 44 44 44 44 44 45 45 45 44 44 44 37 37 37 37 37 44 44 37 37 
1 38 38 37 37 37 44 44 44 45 45 38 37 44 44 44 37 37 37 44 44 37 37 37 37 38 38 37 44 44 44 37 37 37 
1 37 37 37 37 37 44 44 
1 44 37 37 
1 44 44 45 45 45 45 44 44 44 44 44 44 44 44 44 44 44 44 44 44 44 45 44 44 44 44 44 44 44 44 
1 37 37 37 37 37 44 44 44 44 44 44 44 37 
1 38 38 38 37 37 37 44 44 44 44 44 37 37 37 44 37 37 37 37 38 38 37 44 44 44 37 37 37 
1 37 37 37 37 44 44 44 37 37 37 37 44 44 37 37 37 44 44 37 37 37 37 44 44 37 37 37 37 37 37 37 37 37 
1 44 44 45 45 45 45 44 44 44 44 44 44 44 44 44 44 44 44 37 37 37 
1 37 
1 37 37 37 44 44 44 44 44 44 44 44 44 44 44 44 44 44 37 37 37 44 44 44 44 37 37 37 
1 37 37 37 37 37 44 44 37 37 37 44 44 44 45 45 44 44 44 37 37 37 37 44 44 44 37 37 37 
1 37 37 37 37 37 37 44 44 44 
1 37 37 37 37 37 44 44 44 44 37 37 37 37 44 44 37 37 37 37 37 44 37 37 37 
1 45 39 33 25 26 19 12 13 6 6 7 7 7 7 
1 44 44 44 44 
1 38 38 37 37 37 44 44 44 44 44 44 44 44 44 37 37 44 44 37 37 
1 37 37 37 37 37 44 44 44 44 44 37 37 37 44 44 37 37 37 37 37 44 44 37 37 37 
1 7 7 7 14 13 20 19 26 33 33 40 39 46 45 45 37 37 
1 37 37 37 44 44 44 44 44 44 44 44 44 44 44 44 44 44 44 44 37 37 44 44 37 37 
1 37 44 45 45 44 44 44 44 45 45 45 44 44 44 44 44 45 45 
1 37 37 37 44 44 44 44 44 44 44 44 37 37 37 37 37 44 44 44 44 44 44 37 37 37 37 
1 44 37 37 37 37 44 44 44 44 44 44 37 37 37 
1 44 45 45 45 45 44 44 44 
1 44 44 44 44 44 44 44 44 44 44 44 37 37 37 37 44 44 44 44 44 44 37 
1 37 37 37 37 37 37 44 44 44 44 37 37 37 37 44 44 44 44 44 44 37 37 37 
1 37 37 37 37 44 44 44 44 44 44 37 37 37 37 44 44 37 37 37 37 44 44 37 37 37 
1 44 45 45 45 
1 44 37 37 37 37 37 44 44 44 44 44 44 
1 44 44 44 44 44 44 44 44 
1 44 44 44 44 44 44 44 44 44 45 45 44 44 44 
1 37 37 37 44 44 44 44 44 37 37 
1 37 37 37 37 37 37 44 44 37 37 37 37 37 44 44 44 44 44 44 37 37 37 
1 37 37 37 37 37 44 44 44 44 44 44 37 37 37 44 44 37 37 37 37 44 44 37 37 37 
1 37 37 37 37 44 44 44 44 37 37 37 37 37 37 37 44 44 44 45 45 44 44 44 37 37 37 37 37 44 44 44 44 44 
1 44 44 44 44 44 44 44 
1 44 44 
1 37 37 37 37 44 44 44 44 44 44 44 37 37 44 37 37 37 
1 37 37 37 37 37 44 44 37 44 44 37 37 44 44 44 44 44 44 44 44 44 37 36 36 36 
1 44 44 44 44 44 44 44 
1 44 37 37 37 44 37 37 37 
1 44 45 45 45 44 44 44 44 44 44 44 44 44 44 44 44 44 44 44 44 44 44 44 44 44 
1 44 44 44 44 44 
1 44 44 
1 37 37 37 37 37 37 44 44 44 44 37 36 36 37 44 44 44 44 43 43 44 44 44 44 
1 37 37 37 37 44 44 44 44 44 37 44 44 37 37 37 37 44 44 37 37 37 36 36 37 37 
1 44 44 44 
1 37 37 44 44 44 44 44 44 44 
1 44 44 44 44 44 44 44 44 44 44 37 37 37 37 44 44 44 44 44 44 45 45 44 
1 44 44 44 44 44 44 44 37 37 37 37 44 44 36 36 36 44 44 44 44 44 44 43 43 44 44 
1 37 37 37 37 37 37 37 44 44 44 44 44 44 44 44 37 44 44 37 37 37 37 44 44 37 37 37 37 36 37 37 37 
1 37 37 44 44 44 44 37 37 44 44 37 44 44 44 44 37 36 36 37 37 37 37 
1 36 43 43 43 44 44 44 44 44 44 44 44 44 44 44 
1 44 44 44 44 37 37 37 37 
1 44 44 45 45 45 45 44 44 44 44 44 44 44 44 44 44 37 37 37 37 37 44 44 44 44 44 45 45 44 44 44 44 44 
1 44 44 44 44 44 44 44 44 37 36 36 37 44 44 44 44 43 43 44 44 44 44 
1 37 37 37 37 37 37 44 44 44 44 44 44 
1 37 37 37 44 44 44 44 44 44 44 
1 44 
1 44 44 44 44 44 
1 44 44 44 44 44 44 44 44 44 44 44 44 44 44 44 44 44 44 44 44 44 44 44 45 44 
1 44 45 45 45 44 44 44 44 44 44 44 44 
1 37 
1 44 44 44 44 44 44 44 44 44 44 44 44 44 37 37 37 44 44 44 44 37 37 37 37 
1 44 45 45 45 44 44 44 44 44 44 44 44 44 44 44 44 44 44 44 
1 37 37 37 37 37 37 44 44 44 44 44 44 37 44 44 37 37 44 44 44 37 36 36 37 37 
1 37 
1 37 44 44 44 44 44 44 44 44 44 44 44 44 44 44 44 37 37 44 44 44 44 37 37 
1 44 44 44 
1 44 44 44 
1 44 44 44 
2 44 
2 44 44 44 44 44 
2 44 44 43 43 43 43 43 43 43 43 43 43 43 44 44 
2 45 45 45 44 44 44 45 45 45 37 45 45 45 45 37 45 45 46 
2 45 45 45 44 44 44 45 38 37 37 
2 45 45 38 38 38 45 45 45 45 
2 45 45 45 45 44 45 
2 45 45 45 45 45 45 37 37 45 45 
2 45 45 45 45 44 45 45 44 44 45 45 45 45 45 45 37 37 45 
2 44 44 44 44 44 37 37 44 44 44 44 44 44 44 44 44 44 44 44 44 44 44 44 44 
2 44 44 44 44 44 44 44 44 
2 44 44 44 37 37 44 44 44 44 44 44 44 44 44 44 44 44 44 44 44 
2 45 44 44 44 44 44 44 44 44 44 44 44 44 44 44 44 44 
2 44 44 44 44 44 44 44 44 44 44 44 44 
2 44 44 44 44 
2 44 44 37 37 44 44 44 44 44 44 44 44 
2 44 44 44 44 44 44 
2 44 44 44 44 37 37 37 37 44 44 44 44 44 44 44 44 44 
2 44 44 44 44 44 44 44 44 44 44 44 
2 44 44 44 44 44 44 44 
2 44 44 44 44 37 37 44 44 44 44 44 44 44 44 44 44 44 44 44 44 44 44 
2 44 44 44 43 43 43 44 44 44 44 44 44 44 44 44 44 
2 44 44 44 44 44 44 44 44 44 44 44 44 44 44 44 44 44 44 44 44 44 44 44 44 
2 44 44 44 44 44 44 44 44 37 37 44 44 44 44 44 44 44 44 44 44 44 44 44 
2 44 44 44 44 44 44 44 44 44 44 44 44 44 44 44 44 44 44 44 
2 44 44 44 44 44 44 44 44 44 44 
2 44 44 44 44 44 45 45 45 45 45 44 44 44 44 44 44 44 44 45 45 45 44 44 
2 44 44 44 44 44 44 44 44 44 44 44 44 44 44 44 44 44 44 44 44 44 
2 44 44 44 37 37 37 44 44 44 44 44 44 44 44 44 44 44 44 43 43 43 43 43 44 44 44 
2 45 45 45 44 44 45 45 45 45 45 44 44 45 38 38 45 45 
2 45 45 45 45 45 45 45 37 
2 44 43 43 43 43 44 44 44 44 43 43 43 43 44 44 44 
2 44 44 44 44 44 44 44 44 37 37 44 44 
2 44 44 44 44 37 37 37 37 37 44 44 44 44 44 44 44 44 44 44 44 44 44 44 44 44 44 44 44 
2 44 44 44 44 44 44 44 44 44 44 44 44 44 44 44 44 44 44 44 44 44 44 44 44 37 44 
2 44 44 44 44 44 44 44 44 44 44 44 44 44 44 44 44 44 44 44 44 44 44 44 44 
2 44 44 44 44 37 37 44 44 44 44 44 44 44 44 44 44 44 44 37 37 44 44 
2 44 44 44 44 44 44 44 44 44 44 44 44 44 44 44 44 44 44 44 44 44 44 44 44 
2 44 44 44 44 44 44 44 44 44 44 44 44 44 44 44 44 44 
2 44 44 44 44 44 44 44 44 44 44 44 
2 44 44 44 44 44 37 37 37 37 37 44 44 44 44 43 43 43 43 43 43 44 44 44 44 44 
2 45 45 45 45 45 45 37 45 45 45 45 
2 45 38 38 38 38 38 38 38 38 38 38 37 37 45 45 45 45 45 45 45 
2 45 45 45 44 44 45 45 45 45 
2 45 45 
2 45 44 44 44 44 45 45 44 44 44 44 44 44 44 44 44 45 45 45 37 37 
2 44 44 44 44 44 44 44 44 44 44 44 44 44 44 44 
2 44 44 44 44 44 44 
2 44 44 44 44 44 44 44 44 44 44 44 44 44 44 
2 44 44 44 44 44 44 44 37 37 37 37 44 44 44 44 44 44 
2 44 44 44 44 44 44 44 44 44 44 44 44 44 44 44 44 44 44 44 44 44 
2 44 44 44 44 44 44 44 44 44 44 44 44 44 44 44 44 44 44 44 44 44 
2 44 44 44 44 44 37 37 44 44 44 44 44 44 37 37 44 44 44 44 44 43 
2 37 44 44 44 44 44 44 44 44 37 
2 37 37 44 
2 45 44 44 45 45 45 44 44 45 45 45 45 45 45 45 37 45 45 
2 45 38 38 38 45 45 37 37 37 37 37 45 
2 45 45 45 45 45 45 45 45 37 37 
2 38 45 45 45 45 37 37 37 45 45 45 45 45 45 45 37 
2 38 45 45 45 44 37 37 37 37 44 45 45 45 45 45 45 46 46 46 45 45 45 38 37 37 45 45 45 
2 45 38 38 38 38 45 
2 45 38 38 38 38 38 
2 45 38 38 38 38 
2 45 38 38 38 38 
2 45 38 38 38 45 
2 45 44 44 44 44 44 44 44 44 44 44 44 44 44 44 44 44 44 
2 44 44 44 43 43 43 44 44 44 44 44 44 44 44 44 
2 44 44 44 37 44 44 44 44 
2 44 44 44 43 43 43 43 43 43 43 43 43 43 43 44 44 
2 44 44 44 44 44 44 44 44 44 44 44 44 44 44 44 44 44 44 44 44 44 44 44 44 44 
2 44 44 44 44 44 44 44 44 44 44 
2 45 38 38 37 37 37 30 30 37 37 38 45 
2 45 45 45 38 37 37 37 
2 37 37 
2 37 37 37 
2 45 45 45 45 45 37 37 45 
2 45 45 44 44 45 45 38 38 45 45 45 45 45 45 45 37 37 
2 45 45 44 45 45 44 45 45 45 45 44 44 45 45 45 45 45 
2 45 38 38 38 38 38 38 38 45 
2 45 44 44 45 45 45 37 37 37 37 45 
2 45 45 44 45 45 
2 45 45 45 37 37 45 45 45 45 45 37 37 45 45 45 
2 45 45 45 45 37 37 45 45 37 37 45 45 45 45 45 
2 44 44 43 43 44 44 44 44 44 44 44 44 44 44 
2 44 44 44 44 44 
2 44 44 44 44 44 44 44 44 44 44 44 44 
2 44 44 44 44 44 44 44 44 44 
2 44 44 44 44 44 44 44 44 
2 44 44 44 44 37 44 44 43 43 43 43 
2 37 44 44 44 44 44 44 44 44 44 44 44 44 44 44 43 44 44 44 44 44 44 
2 44 44 44 44 44 44 44 44 44 44 
2 44 44 44 44 44 44 44 44 44 45 45 44 44 44 44 
2 44 44 44 44 44 44 44 44 44 44 44 44 44 44 44 44 44 44 
2 44 43 43 43 43 43 43 43 44 44 44 44 44 44 44 44 44 44 44 43 43 
2 44 44 44 44 44 44 44 44 
2 44 44 44 44 44 44 44 44 44 44 44 
2 44 44 44 44 44 44 44 44 44 44 44 44 44 44 44 44 44 44 44 44 44 
2 44 44 44 44 44 44 44 44 44 44 44 44 44 44 44 44 44 44 44 44 
2 44 44 44 44 44 44 44 44 44 44 44 44 44 44 44 44 
2 44 44 44 44 44 44 44 44 44 44 44 
2 44 43 43 43 43 43 43 43 43 43 43 43 43 43 43 43 43 43 
2 44 44 44 44 44 44 44 44 44 44 44 44 44 44 44 44 44 44 44 44 
2 44 44 44 44 44 44 44 44 44 44 44 44 44 44 44 
2 44 44 44 44 44 44 44 44 44 44 44 44 44 44 44 44 44 44 44 44 
2 44 44 44 44 44 44 44 44 44 44 44 44 44 44 44 44 44 44 
2 44 44 44 44 44 44 44 44 44 44 44 44 44 43 43 43 43 43 43 44 44 44 
2 45 37 37 37 37 45 37 37 45 45 46 46 45 45 45 45 45 45 37 37 
2 45 44 44 44 45 45 45 45 
2 45 45 45 45 45 45 
2 45 37 44 44 
2 44 
2 44 44 44 44 45 45 45 45 45 38 37 45 
2 45 45 
2 45 46 46 45 45 37 37 37 37 37 
2 45 44 44 44 44 44 45 
2 45 44 44 44 44 44 44 44 44 44 44 37 37 37 37 45 
2 44 44 44 44 44 44 44 44 44 44 44 44 44 44 44 44 44 44 44 44 44 44 44 44 44 37 44 
2 44 44 44 44 44 44 44 
2 43 44 44 44 44 44 44 44 44 44 44 44 44 44 44 44 44 43 43 44 44 44 44 44 44 
2 43 44 44 44 44 44 44 44 44 
2 43 44 44 44 44 44 44 44 44 44 44 44 44 44 44 44 44 44 43 
2 43 44 44 44 44 44 44 44 44 44 44 44 44 44 44 44 44 43 
2 43 43 43 
2 43 44 44 44 44 44 44 44 37 37 44 44 44 44 44 44 44 44 43 43 43 43 
2 37 37 
2 37 37 45 45 37 45 45 37 45 45 45 45 45 38 38 45 45 45 45 45 38 45 45 45 37 
2 37 37 45 45 45 44 45 45 45 45 44 44 45 45 45 45 37 
2 37 37 45 45 44 44 44 45 45 37 37 37 45 
2 37 37 37 45 45 45 44 44 44 45 45 45 
2 37 37 45 45 45 45 44 44 44 44 45 45 
2 37 45 45 45 45 45 37 37 45 45 45 37 
2 37 37 45 38 45 45 45 45 45 44 45 45 45 44 45 45 37 37 45 37 37 37 37 45 37 
2 44 44 44 44 
2 44 44 45 45 44 44 
2 44 44 44 44 44 44 
2 44 44 44 44 37 37 38 45 44 44 
2 44 44 
2 44 44 44 44 44 44 44 44 44 44 44 44 44 44 44 44 44 44 44 
2 44 44 44 44 44 44 44 44 37 44 44 44 44 44 44 44 44 44 44 
2 44 44 44 44 44 44 44 44 44 44 44 44 44 44 44 44 44 
2 44 44 44 37 44 44 44 44 44 44 44 44 44 44 44 44 44 
2 44 44 43 43 36 36 43 43 
2 44 44 43 43 43 43 43 43 43 43 44 44 43 43 43 43 43 43 43 43 43 43 43 43 44 44 44 
2 45 45 45 45 45 44 44 45 45 45 45 45 45 38 38 
2 45 45 46 45 
2 45 44 44 44 45 45 45 45 45 44 45 45 
2 45 45 45 45 45 
2 45 45 45 45 45 45 45 45 45 45 
2 45 45 38 38 45 45 45 45 45 45 38 38 45 45 45 45 37 37 37 45 38 38 45 45 44 37 37 37 45 
2 45 45 44 44 45 45 45 45 37 37 37 45 45 45 45 45 
2 45 45 45 37 37 45 45 44 
2 44 44 44 44 44 44 44 44 44 44 44 44 44 44 44 44 44 44 44 44 44 44 44 44 
2 44 44 44 44 44 44 44 37 44 44 44 44 44 44 44 44 44 44 44 44 44 
2 44 44 44 44 44 44 44 44 44 44 44 44 44 44 44 44 44 
2 44 44 44 44 44 44 44 44 44 44 44 44 44 
2 44 44 44 44 44 44 44 44 44 44 44 44 44 44 
2 44 44 44 44 44 44 44 44 44 44 44 44 44 44 44 44 44 44 44 
2 45 45 45 45 37 37 45 45 45 44 44 45 45 45 
2 45 44 44 45 45 45 37 45 45 45 38 38 45 45 45 45 37 45 45 
2 45 44 45 45 45 45 45 45 45 45 
2 45 37 37 45 45 46 46 
2 45 45 45 44 44 45 45 45 37 37 45 
2 45 45 44 45 45 
2 45 45 45 45 45 44 44 
2 45 44 44 44 44 43 44 44 44 45 
2 45 44 44 44 44 44 
2 45 37 37 45 
2 45 44 44 44 44 44 44 45 
2 45 45 37 37 45 45 45 45 
2 45 45 37 37 37 37 37 
2 45 37 44 44 44 44 45 
2 45 44 44 45 
2 45 45 45 
2 45 44 44 44 44 44 44 
2 45 45 45 37 44 44 44 44 44 44 
2 45 45 38 38 45 45 44 44 45 
2 45 37 37 37 38 45 45 37 45 
2 45 45 37 37 37 37 
2 45 44 44 45 45 45 45 45 
2 45 38 38 38 45 45 45 45 37 37 45 
2 45 
2 45 37 37 37 37 37 45 
2 45 38 38 38 38 37 44 44 44 44 
2 45 37 37 37 37 44 44 44 44 45 45 46 46 46 
2 45 45 45 
2 45 44 44 37 45 
2 45 44 44 44 44 44 44 44 
2 45 37 37 45 
2 45 45 38 45 
2 45 38 38 45 44 44 44 44 
2 45 45 44 44 44 44 44 45 
2 45 37 44 44 44 44 44 45 
2 45 38 38 38 37 37 45 
2 45 37 45 
2 44 44 44 44 44 44 44 44 44 44 44 44 
2 44 44 44 44 44 44 44 44 44 44 44 44 44 44 37 37 44 44 44 44 44 44 44 44 44 44 37 37 37 44 44 44 37 
2 37 44 44 44 43 43 43 43 43 43 43 43 44 44 43 43 43 43 43 43 43 43 44 44 37 
2 37 44 44 44 44 44 44 44 44 44 44 44 44 
2 37 44 44 44 44 44 44 44 44 44 44 44 44 44 43 43 43 
2 38 38 
2 38 45 45 38 38 38 45 45 38 38 45 45 38 38 45 45 38 45 45 45 38 38 45 45 38 
2 38 38 38 38 
2 38 38 38 38 38 38 38 
2 38 38 38 
2 38 38 38 
2 38 38 38 
2 38 38 38 38 38 38 38 
2 38 38 38 38 
2 38 38 38 38 
2 38 38 38 38 38 38 38 38 
2 44 44 44 44 44 44 37 37 37 37 44 44 44 44 44 44 44 44 44 44 44 44 
2 44 44 44 44 44 44 44 44 44 44 44 44 44 44 44 44 44 44 44 44 44 44 
2 44 44 44 44 44 44 37 44 44 44 44 44 44 44 44 
2 44 44 44 44 44 44 44 44 44 44 44 44 37 44 44 44 44 44 44 44 44 
2 44 44 44 44 37 37 44 44 44 44 44 44 44 43 
2 44 44 44 44 44 44 44 37 44 44 44 44 44 44 
2 44 43 43 43 44 
2 44 44 44 44 44 44 44 44 44 44 
2 44 44 44 44 44 44 44 44 44 44 44 
2 44 44 44 44 37 37 37 37 44 44 44 44 44 44 44 44 44 44 44 44 44 44 44 44 
2 44 44 44 44 44 45 45 45 44 44 44 44 44 44 43 43 43 
2 44 44 37 37 36 36 43 43 43 43 43 44 44 44 44 44 44 44 44 44 44 44 44 44 44 44 
2 44 44 44 44 44 44 44 44 44 44 44 
2 
2 44 44 44 44 44 44 44 44 44 44 44 44 37 37 37 37 44 44 44 44 44 44 44 44 44 44 44 44 
2 44 44 43 43 43 43 43 43 43 43 44 44 44 44 44 44 44 44 44 44 44 44 44 
2 44 44 44 44 44 44 44 44 44 44 44 44 44 44 44 44 44 44 44 44 44 44 44 44 
2 44 44 44 44 44 44 44 44 44 44 44 44 43 43 36 
2 37 37 37 37 37 44 44 44 44 44 37 44 44 
2 44 43 43 43 43 43 43 44 44 44 44 44 44 44 44 44 44 44 44 44 44 44 44 44 
2 44 44 44 44 44 44 37 37 44 44 44 44 44 44 44 44 44 44 44 44 
2 44 43 43 44 44 44 45 45 45 45 45 44 44 44 44 44 44 44 44 44 
2 44 44 37 44 44 44 44 43 43 36 36 36 43 43 44 44 44 44 44 44 44 44 44 44 
2 44 44 44 37 37 37 37 37 37 37 44 44 44 
2 44 44 44 44 44 44 43 43 43 43 43 43 44 44 44 44 
2 45 44 44 45 45 45 45 45 45 45 38 38 
2 45 45 45 45 45 45 45 37 45 
2 45 45 37 45 45 45 45 45 44 44 45 45 45 45 45 45 37 37 45 45 37 37 45 
2 45 45 44 44 45 45 45 37 37 45 45 45 45 45 45 45 
2 45 37 37 45 45 45 46 46 45 
2 45 46 46 45 45 44 44 44 45 45 45 45 45 45 45 45 45 37 37 37 37 37 
2 45 44 44 44 45 45 44 44 45 45 45 45 
2 45 45 45 45 
2 45 45 45 45 45 45 45 45 45 
2 45 44 44 44 45 45 45 45 37 44 44 44 45 45 45 45 45 45 37 37 37 37 45 
2 38 45 45 45 45 45 
2 45 38 38 45 45 37 37 37 38 45 45 45 45 45 
2 45 44 44 44 45 45 44 44 44 45 45 45 45 45 45 46 46 
2 44 
2 44 44 44 37 37 44 44 44 44 44 44 44 44 
2 44 44 44 44 44 44 44 44 44 37 44 44 44 44 44 44 44 44 44 44 44 44 44 44 44 44 44 44 44 
2 44 44 44 44 44 44 44 
2 44 43 43 43 43 43 43 43 43 43 43 44 
2 44 43 43 43 43 43 43 43 43 43 43 43 43 44 
2 44 43 43 43 43 43 43 43 43 43 43 43 43 43 44 
2 44 43 43 43 43 
2 45 37 37 45 45 44 44 44 45 45 45 45 45 45 37 45 45 37 37 37 38 
2 38 45 45 45 45 44 44 45 45 45 
2 45 45 45 45 45 
2 45 45 45 45 37 37 45 45 45 
2 45 45 45 44 44 44 45 45 45 45 37 37 45 45 45 45 45 45 37 45 45 45 45 
2 38 38 38 38 38 38 38 38 38 38 38 
2 38 38 
2 38 38 38 
2 38 38 38 
2 38 38 38 38 38 38 
2 44 44 44 44 44 44 37 37 44 44 44 44 44 
2 44 44 44 44 44 44 44 44 44 44 44 44 37 37 37 44 44 44 44 44 44 44 44 44 44 44 44 
2 44 44 44 44 44 44 44 44 44 44 44 44 44 44 44 44 44 44 44 44 44 44 
2 44 44 44 44 44 44 44 44 44 37 37 44 44 44 44 44 44 43 44 
2 44 44 44 44 44 44 44 44 44 44 44 44 44 44 44 44 
2 44 44 44 44 44 44 44 44 44 44 44 44 44 45 45 45 44 44 
2 44 44 44 37 44 44 44 44 44 44 44 44 44 44 44 44 44 44 44 44 44 44 44 44 
2 44 44 44 44 44 44 44 44 43 43 43 43 43 44 44 44 44 44 44 44 44 
2 44 44 44 44 44 44 44 44 44 44 44 44 44 44 
